0 0.046875 0.550000 0.204687 0.377083 
0 0.281250 0.439583 0.039062 0.091667 
0 0.218750 0.439583 0.065625 0.185417 
10 0.354687 0.391667 0.023438 0.072917 
10 0.401562 0.418750 0.065625 0.093750 
10 0.492188 0.418750 0.045312 0.095833 
10 0.528125 0.418750 0.057813 0.108333 
10 0.564063 0.425000 0.056250 0.160417 
10 0.618750 0.410417 0.039062 0.079167 
10 0.645312 0.414583 0.073438 0.106250 
6 0.415625 0.520833 0.078125 0.154167 
6 0.510938 0.541667 0.087500 0.158333 
6 0.731250 0.512500 0.081250 0.156250 
6 0.634375 0.545833 0.075000 0.143750 
11 0.664062 0.512500 0.078125 0.139583 
11 0.468750 0.525000 0.123438 0.145833 
4 0.129688 0.377083 0.120313 0.177083 
4 0.054688 0.406250 0.154688 0.191667 
4 0.004687 0.429167 0.139063 0.395833 
