0 0.064062 0.693208 0.176563 0.142857 
10 0.006250 0.592506 0.028125 0.096019 
10 0.039062 0.583138 0.037500 0.091335 
10 0.084375 0.583138 0.060937 0.049180 
10 0.165625 0.580796 0.057813 0.070258 
10 0.231250 0.580796 0.048438 0.110070 
10 0.284375 0.606557 0.034375 0.121780 
10 0.109375 0.599532 0.068750 0.227166 
10 0.314063 0.578454 0.039062 0.107728 
10 0.370312 0.576112 0.064062 0.170960 
10 0.326562 0.620609 0.053125 0.210773 
10 0.442188 0.606557 0.037500 0.175644 
10 0.495312 0.580796 0.070312 0.257611 
10 0.604688 0.578454 0.051562 0.255269 
10 0.718750 0.578454 0.054688 0.119438 
10 0.776563 0.599532 0.067187 0.231850 
4 0.006250 0.632319 0.310937 0.201405 
4 0.465625 0.627635 0.350000 0.194379 
