1 0.176563 0.487119 0.112500 0.086651 
1 0.479687 0.526932 0.092188 0.063232 
1 0.446875 0.505855 0.073438 0.067916 
1 0.351562 0.398126 0.090625 0.180328 
1 0.284375 0.381733 0.053125 0.177986 
10 0.250000 0.737705 0.046875 0.156909 
10 0.415625 0.644028 0.037500 0.105386 
10 0.390625 0.651054 0.028125 0.096019 
10 0.457813 0.653396 0.032813 0.121780 
10 0.482812 0.686183 0.028125 0.124122 
10 0.504687 0.683841 0.025000 0.121780 
10 0.525000 0.634660 0.021875 0.063232 
10 0.526563 0.690867 0.034375 0.126464 
10 0.595313 0.625293 0.023438 0.091335 
10 0.571875 0.674473 0.031250 0.107728 
10 0.635938 0.679157 0.042188 0.107728 
10 0.826562 0.672131 0.034375 0.105386 
