2 0.236000 0.181333 0.086000 0.309333 
2 0.768000 0.002667 0.060000 0.173333 
2 0.826000 0.008000 0.076000 0.208000 
2 0.896000 0.002667 0.060000 0.218667 
7 0.138000 0.437333 0.048000 0.074667 
7 0.378000 0.458667 0.040000 0.072000 
7 0.322000 0.448000 0.040000 0.064000 
7 0.280000 0.450667 0.038000 0.074667 
7 0.254000 0.498667 0.128000 0.136000 
7 0.120000 0.005333 0.152000 0.045333 
7 0.580000 0.069333 0.080000 0.074667 
7 0.710000 0.058667 0.060000 0.112000 
7 0.778000 0.117333 0.044000 0.069333 
11 0.034000 0.368000 0.522000 0.501333 
6 0.188000 0.218667 0.248000 0.629333 
6 0.730000 0.498667 0.268000 0.490667 
6 0.536000 0.333333 0.356000 0.658667 
