2 0.450000 0.301333 0.076000 0.344000 
7 0.394000 0.546667 0.044000 0.069333 
7 0.298000 0.565333 0.064000 0.112000 
7 0.132000 0.613333 0.126000 0.232000 
7 0.626000 0.549333 0.044000 0.082667 
7 0.740000 0.224000 0.052000 0.056000 
7 0.594000 0.368000 0.042000 0.074667 
7 0.574000 0.525333 0.030000 0.050667 
7 0.746000 0.565333 0.086000 0.104000 
10 0.370000 0.346667 0.094000 0.218667 
10 0.314000 0.410667 0.124000 0.205333 
10 0.158000 0.266667 0.248000 0.408000 
10 0.542000 0.432000 0.066000 0.117333 
10 0.602000 0.362667 0.128000 0.197333 
10 0.584000 0.240000 0.178000 0.360000 
10 0.678000 0.114667 0.318000 0.592000 
11 0.004000 0.493333 0.992000 0.504000 
