2 0.259375 0.414583 0.043750 0.160417 
2 0.307812 0.427083 0.056250 0.181250 
2 0.415625 0.420833 0.037500 0.147917 
2 0.550000 0.460417 0.057813 0.243750 
2 0.642188 0.456250 0.071875 0.322917 
7 0.710938 0.547917 0.037500 0.177083 
7 0.690625 0.683333 0.054688 0.135417 
7 0.450000 0.577083 0.032813 0.081250 
7 0.003125 0.318750 0.043750 0.100000 
7 0.062500 0.385417 0.023438 0.050000 
7 0.065625 0.462500 0.059375 0.181250 
7 0.623437 0.283333 0.032813 0.054167 
7 0.846875 0.381250 0.021875 0.039583 
7 0.915625 0.393750 0.043750 0.108333 
7 0.535937 0.343750 0.031250 0.039583 
6 0.760938 0.445833 0.179688 0.237500 
11 0.214062 0.533333 0.756250 0.462500 
10 0.009375 0.606250 0.521875 0.387500 
10 0.071875 0.291667 0.153125 0.406250 
10 0.175000 0.283333 0.137500 0.275000 
10 0.314063 0.295833 0.117188 0.197917 
10 0.423438 0.277083 0.114062 0.270833 
10 0.498437 0.295833 0.114062 0.275000 
10 0.609375 0.250000 0.175000 0.377083 
10 0.754687 0.281250 0.187500 0.402083 
