3 0.003906 0.464332 0.326172 0.376135 
10 0.333008 0.708171 0.039062 0.108949 
10 0.375977 0.715953 0.045898 0.099870 
10 0.416992 0.708171 0.040039 0.106355 
10 0.465820 0.704280 0.037109 0.132296 
10 0.692383 0.719844 0.047852 0.111543 
10 0.942383 0.708171 0.033203 0.164721 
10 0.954102 0.712062 0.045898 0.238651 
10 0.623047 0.721141 0.017578 0.047990 
10 0.602539 0.719844 0.013672 0.047990 
10 0.517578 0.708171 0.025391 0.064851 
4 0.844727 0.718547 0.032227 0.033722 
4 0.875977 0.708171 0.043945 0.036316 
4 0.635742 0.705577 0.064453 0.064851 
