10 0.134122 0.680473 0.065089 0.142012 
10 0.147929 0.633136 0.045365 0.091716 
10 0.205128 0.618343 0.049310 0.147929 
10 0.213018 0.739645 0.053254 0.136095 
10 0.325444 0.600592 0.041420 0.091716 
10 0.287968 0.644970 0.057199 0.156805 
10 0.313609 0.665680 0.078895 0.153846 
10 0.672584 0.568047 0.076923 0.109467 
10 0.775148 0.565089 0.037475 0.079882 
10 0.838264 0.565089 0.045365 0.079882 
11 0.710059 0.627219 0.126233 0.091716 
9 0.652860 0.736686 0.270217 0.239645 
9 0.321499 0.718935 0.197239 0.236686 
9 0.481262 0.686391 0.199211 0.257396 
9 0.875740 0.659763 0.124260 0.263314 
9 0.250493 0.778107 0.106509 0.139053 
6 0.138067 0.778107 0.088757 0.183432 
