9 0.140845 0.361111 0.417840 0.455882 
9 0.575900 0.250000 0.123631 0.138889 
9 0.496088 0.313725 0.147105 0.199346 
9 0.589984 0.328431 0.333333 0.485294 
9 0.904538 0.210784 0.087637 0.133987 
9 0.830986 0.186275 0.084507 0.116013 
10 0.284820 0.187908 0.172144 0.395425 
10 0.402191 0.202614 0.107981 0.392157 
10 0.469484 0.158497 0.106416 0.171569 
10 0.607199 0.176471 0.051643 0.086601 
10 0.910798 0.138889 0.078247 0.133987 
10 0.832551 0.150327 0.067293 0.114379 
10 0.632238 0.102941 0.262911 0.542484 
