1 0.001961 0.283582 0.043137 0.068657 
1 0.052941 0.280597 0.054902 0.071642 
1 0.125490 0.286567 0.058824 0.077612 
1 0.186275 0.292537 0.035294 0.062687 
1 0.221569 0.301493 0.043137 0.053731 
1 0.327451 0.298507 0.045098 0.056716 
1 0.298039 0.304478 0.033333 0.050746 
1 0.496078 0.029851 0.131373 0.391045 
1 0.600000 0.011940 0.100000 0.391045 
1 0.670588 0.041791 0.113725 0.379104 
1 0.790196 0.023881 0.078431 0.432836 
1 0.835294 0.331343 0.135294 0.134328 
1 0.384314 0.247761 0.115686 0.131343 
9 0.658824 0.364179 0.278431 0.450746 
