10 0.009375 0.267500 0.037500 0.057500 
10 0.071875 0.257500 0.057813 0.147500 
10 0.142187 0.257500 0.042188 0.057500 
10 0.148438 0.330000 0.048438 0.060000 
10 0.217188 0.280000 0.078125 0.232500 
10 0.267188 0.227500 0.150000 0.472500 
10 0.475000 0.232500 0.048438 0.152500 
10 0.404687 0.165000 0.175000 0.585000 
10 0.615625 0.222500 0.032813 0.095000 
10 0.645312 0.237500 0.035937 0.102500 
10 0.676562 0.207500 0.043750 0.175000 
10 0.707812 0.237500 0.040625 0.137500 
10 0.740625 0.192500 0.071875 0.292500 
10 0.592187 0.260000 0.071875 0.255000 
10 0.528125 0.115000 0.203125 0.685000 
10 0.807813 0.227500 0.057813 0.100000 
9 0.173437 0.315000 0.262500 0.442500 
9 0.390625 0.342500 0.467187 0.512500 
9 0.732812 0.312500 0.184375 0.245000 
9 0.809375 0.280000 0.098437 0.140000 
9 0.004687 0.397500 0.260937 0.532500 
4 0.851562 0.202500 0.146875 0.217500 
