10 0.136719 0.823684 0.048828 0.072368 
10 0.172852 0.872368 0.041992 0.094737 
10 0.208984 0.873684 0.044922 0.100000 
10 0.802734 0.850000 0.086914 0.148684 
10 0.353516 0.811842 0.071289 0.075000 
10 0.346680 0.896053 0.096680 0.075000 
10 0.428711 0.877632 0.045898 0.094737 
10 0.483398 0.872368 0.041016 0.102632 
10 0.528320 0.865789 0.041016 0.107895 
10 0.526367 0.809211 0.027344 0.085526 
10 0.557617 0.803947 0.038086 0.111842 
10 0.642578 0.857895 0.046875 0.119737 
10 0.608398 0.748684 0.056641 0.063158 
10 0.505859 0.744737 0.026367 0.077632 
