0 0.526367 0.481698 0.113281 0.137628 
9 0.284180 0.512445 0.110352 0.112738 
6 0.899414 0.475842 0.038086 0.076135 
10 0.023438 0.420205 0.077148 0.125915 
10 0.126953 0.421669 0.031250 0.099561 
10 0.188477 0.426061 0.041992 0.133236 
10 0.217773 0.426061 0.039062 0.087848 
10 0.275391 0.420205 0.059570 0.102489 
10 0.378906 0.423133 0.026367 0.109810 
10 0.412109 0.426061 0.026367 0.092240 
10 0.426758 0.414348 0.031250 0.136164 
10 0.459961 0.424597 0.026367 0.093704 
10 0.483398 0.417277 0.033203 0.115666 
10 0.522461 0.433382 0.029297 0.076135 
10 0.558594 0.433382 0.070312 0.172767 
10 0.621094 0.431918 0.025391 0.106881 
10 0.663086 0.434846 0.031250 0.106881 
10 0.783203 0.423133 0.023438 0.099561 
10 0.824219 0.436310 0.032227 0.111274 
10 0.870117 0.423133 0.038086 0.121523 
10 0.914062 0.421669 0.026367 0.121523 
10 0.939453 0.423133 0.035156 0.098097 
10 0.965820 0.411420 0.029297 0.181552 
