0 0.551562 0.830189 0.065625 0.167453 
0 0.656250 0.827830 0.100000 0.167453 
0 0.375000 0.747642 0.040625 0.096698 
0 0.446875 0.740566 0.043750 0.110849 
0 0.503125 0.754717 0.048438 0.129717 
0 0.740625 0.778302 0.075000 0.122642 
0 0.596875 0.721698 0.034375 0.089623 
0 0.631250 0.719340 0.035937 0.063679 
10 0.671875 0.688679 0.065625 0.247642 
10 0.664062 0.693396 0.035937 0.099057 
10 0.634375 0.679245 0.023438 0.073113 
10 0.731250 0.686321 0.079687 0.129717 
10 0.770312 0.752358 0.120313 0.238208 
10 0.837500 0.714623 0.076563 0.122642 
10 0.915625 0.693396 0.081250 0.294811 
10 0.856250 0.681604 0.057813 0.077830 
10 0.432812 0.669811 0.162500 0.077830 
