1 0.150000 0.756440 0.184375 0.196721 
1 0.770312 0.723653 0.153125 0.135831 
1 0.696875 0.672131 0.132812 0.128806 
1 0.657813 0.629977 0.079687 0.100703 
1 0.270313 0.655738 0.134375 0.175644 
1 0.360938 0.566745 0.098437 0.112412 
1 0.590625 0.583138 0.085938 0.093677 
0 0.157812 0.655738 0.078125 0.100703 
0 0.875000 0.646370 0.045312 0.100703 
0 0.267188 0.625293 0.070312 0.063232 
4 0.015625 0.674473 0.153125 0.192037 
4 0.201563 0.625293 0.060937 0.107728 
4 0.910937 0.651054 0.082812 0.135831 
4 0.834375 0.599532 0.067187 0.117096 
