2 0.450000 0.009390 0.079687 0.401408 
7 0.392188 0.314554 0.085938 0.133803 
7 0.495312 0.298122 0.104688 0.115023 
7 0.540625 0.178404 0.076563 0.199531 
7 0.325000 0.208920 0.084375 0.218310 
7 0.662500 0.089202 0.045312 0.089202 
2 0.707812 0.007042 0.034375 0.154930 
7 0.634375 0.112676 0.057813 0.138498 
7 0.739062 0.115023 0.048438 0.147887 
7 0.793750 0.150235 0.064062 0.072770 
10 0.276562 0.007042 0.146875 0.260563 
10 0.425000 0.007042 0.215625 0.246479 
10 0.003125 0.021127 0.328125 0.507042 
10 0.846875 0.007042 0.148438 0.316901 
11 0.023438 0.171362 0.921875 0.809859 
