6 0.471400 0.866864 0.053254 0.097633 
9 0.694280 0.825444 0.187377 0.171598 
6 0.848126 0.795858 0.061144 0.130178 
6 0.901381 0.801775 0.049310 0.109467 
11 0.218935 0.863905 0.067061 0.091716 
11 0.301775 0.863905 0.065089 0.109467 
11 0.082840 0.840237 0.110454 0.118343 
10 0.597633 0.710059 0.074951 0.275148 
10 0.575937 0.739645 0.041420 0.121302 
10 0.739645 0.763314 0.047337 0.112426 
10 0.792899 0.760355 0.045365 0.097633 
10 0.335306 0.775148 0.088757 0.201183 
10 0.315582 0.781065 0.047337 0.106509 
10 0.258383 0.792899 0.059172 0.091716 
10 0.463511 0.786982 0.065089 0.082840 
10 0.140039 0.742604 0.053254 0.109467 
10 0.011834 0.775148 0.080868 0.189349 
