10 0.171687 0.332000 0.084337 0.098000 
10 0.334337 0.328000 0.108434 0.096000 
10 0.563253 0.320000 0.105422 0.120000 
10 0.722892 0.326000 0.117470 0.116000 
10 0.201807 0.854000 0.147590 0.142000 
10 0.039157 0.874000 0.171687 0.112000 
10 0.451807 0.876000 0.144578 0.118000 
10 0.593373 0.850000 0.162651 0.144000 
11 0.036145 0.410000 0.240964 0.164000 
11 0.274096 0.408000 0.219880 0.146000 
11 0.469880 0.404000 0.219880 0.142000 
11 0.662651 0.412000 0.213855 0.144000 
11 0.843373 0.432000 0.153614 0.158000 
