7 0.441250 0.691250 0.066250 0.105000 
7 0.348750 0.502500 0.043750 0.060000 
7 0.397500 0.498750 0.042500 0.045000 
10 0.245000 0.442500 0.161250 0.150000 
10 0.382500 0.446250 0.191250 0.291250 
10 0.535000 0.450000 0.162500 0.267500 
10 0.733750 0.352500 0.098750 0.370000 
10 0.786250 0.325000 0.130000 0.431250 
10 0.575000 0.197500 0.030000 0.086250 
10 0.595000 0.200000 0.038750 0.092500 
10 0.658750 0.201250 0.031250 0.095000 
10 0.686250 0.191250 0.045000 0.125000 
10 0.771250 0.197500 0.038750 0.095000 
10 0.711250 0.196250 0.046250 0.092500 
6 0.227500 0.583750 0.215000 0.200000 
6 0.468750 0.587500 0.141250 0.207500 
6 0.596250 0.652500 0.206250 0.216250 
6 0.008750 0.720000 0.265000 0.277500 
6 0.498750 0.821250 0.448750 0.180000 
11 0.291250 0.770000 0.335000 0.190000 
11 0.071250 0.560000 0.345000 0.146250 
