1 0.057813 0.745833 0.132812 0.091667 
1 0.090625 0.770833 0.128125 0.095833 
1 0.287500 0.589583 0.095312 0.183333 
1 0.315625 0.739583 0.109375 0.095833 
1 0.384375 0.791667 0.135937 0.087500 
1 0.426563 0.739583 0.121875 0.068750 
1 0.487500 0.691667 0.123438 0.064583 
1 0.570312 0.760417 0.115625 0.083333 
1 0.632812 0.731250 0.109375 0.056250 
1 0.879687 0.743750 0.121875 0.089583 
1 0.778125 0.735417 0.090625 0.058333 
1 0.678125 0.702083 0.089063 0.037500 
1 0.787500 0.679167 0.064062 0.054167 
1 0.848437 0.706250 0.065625 0.041667 
1 0.854688 0.641667 0.140625 0.062500 
1 0.646875 0.658333 0.142187 0.043750 
