2 0.670312 0.729167 0.057813 0.212500 
2 0.789062 0.741667 0.043750 0.150000 
7 0.628125 0.781250 0.046875 0.141667 
11 0.575000 0.785417 0.231250 0.208333 
10 0.646875 0.358333 0.068750 0.231250 
10 0.565625 0.347917 0.060937 0.320833 
10 0.584375 0.529167 0.120313 0.222917 
10 0.817187 0.450000 0.093750 0.125000 
10 0.684375 0.491667 0.170313 0.181250 
10 0.707812 0.579167 0.115625 0.241667 
10 0.915625 0.493750 0.078125 0.237500 
10 0.437500 0.452083 0.067187 0.143750 
10 0.503125 0.468750 0.051562 0.087500 
10 0.362500 0.429167 0.053125 0.093750 
10 0.404687 0.531250 0.262500 0.450000 
10 0.309375 0.387500 0.117188 0.427083 
10 0.217188 0.395833 0.137500 0.500000 
10 0.009375 0.312500 0.329688 0.672917 
