2 0.602778 0.430693 0.038889 0.202970 
2 0.659722 0.472772 0.061111 0.264851 
2 0.058333 0.319307 0.022222 0.074257 
6 0.187500 0.349010 0.108333 0.220297 
6 0.015278 0.408416 0.094444 0.210396 
6 0.880556 0.361386 0.054167 0.168317 
6 0.809722 0.351485 0.083333 0.207921 
6 0.719444 0.353960 0.068056 0.210396 
6 0.548611 0.344059 0.047222 0.163366 
6 0.962500 0.378713 0.029167 0.170792 
11 0.012500 0.353960 0.263889 0.212871 
11 0.626389 0.336634 0.230556 0.136139 
11 0.034722 0.522277 0.947222 0.465347 
10 0.151389 0.158416 0.072222 0.175743 
10 0.225000 0.175743 0.059722 0.180693 
10 0.291667 0.170792 0.059722 0.316832 
10 0.344444 0.165842 0.045833 0.311881 
6 0.368056 0.329208 0.036111 0.128713 
11 0.381944 0.321782 0.043056 0.128713 
10 0.450000 0.168317 0.048611 0.292079 
10 0.513889 0.183168 0.044444 0.269802 
10 0.555556 0.205446 0.034722 0.193069 
10 0.584722 0.183168 0.054167 0.262376 
10 0.694444 0.190594 0.038889 0.163366 
10 0.627778 0.141089 0.080556 0.393564 
10 0.726389 0.133663 0.058333 0.212871 
10 0.772222 0.128713 0.075000 0.430693 
10 0.836111 0.168317 0.047222 0.173267 
10 0.863889 0.165842 0.051389 0.190594 
10 0.906944 0.178218 0.070833 0.346535 
