3 0.468750 0.204225 0.323437 0.387324 
3 0.782813 0.291080 0.165625 0.206573 
4 0.693750 0.457746 0.146875 0.161972 
4 0.815625 0.462441 0.067187 0.122066 
4 0.914062 0.464789 0.078125 0.119718 
10 0.864062 0.446009 0.075000 0.272300 
10 0.643750 0.457746 0.067187 0.211268 
10 0.598437 0.429577 0.051562 0.215962 
10 0.559375 0.436620 0.050000 0.201878 
10 0.529687 0.453052 0.048438 0.164319 
10 0.479687 0.438967 0.054688 0.169014 
10 0.442188 0.455399 0.045312 0.197183 
10 0.396875 0.429577 0.045312 0.197183 
10 0.342187 0.408451 0.064062 0.225352 
10 0.320312 0.436620 0.056250 0.225352 
10 0.276562 0.434272 0.051562 0.183099 
10 0.225000 0.403756 0.054688 0.232394 
10 0.151562 0.429577 0.064062 0.194836 
10 0.112500 0.403756 0.056250 0.197183 
10 0.076563 0.399061 0.045312 0.197183 
10 0.045312 0.384977 0.037500 0.178404 
10 0.003125 0.384977 0.026562 0.176056 
