3 0.195312 0.514323 0.180664 0.445312 
3 0.391602 0.593750 0.187500 0.325521 
4 0.032227 0.890625 0.148438 0.102865 
4 0.217773 0.875000 0.141602 0.123698 
4 0.112305 0.739583 0.114258 0.167969 
4 0.009766 0.772135 0.097656 0.174479 
4 0.052734 0.669271 0.098633 0.132812 
4 0.179688 0.630208 0.066406 0.108073 
4 0.101562 0.602865 0.081055 0.102865 
4 0.132812 0.562500 0.070312 0.076823 
4 0.016602 0.526042 0.111328 0.166667 
4 0.167969 0.516927 0.060547 0.067708 
4 0.083984 0.467448 0.052734 0.050781 
4 0.144531 0.464844 0.044922 0.055990 
4 0.375000 0.514323 0.061523 0.070312 
5 0.208984 0.526042 0.070312 0.104167 
4 0.176758 0.338542 0.235352 0.175781 
4 0.636719 0.385417 0.039062 0.048177 
4 0.712891 0.403646 0.035156 0.035156 
4 0.731445 0.447917 0.056641 0.052083 
4 0.791992 0.511719 0.092773 0.082031 
4 0.890625 0.450521 0.058594 0.059896 
4 0.881836 0.410156 0.062500 0.053385 
