9 0.192383 0.880292 0.031250 0.046715 
4 0.032227 0.875912 0.080078 0.061314 
4 0.099609 0.871533 0.066406 0.056934 
4 0.244141 0.848175 0.111328 0.071533 
4 0.132812 0.830657 0.092773 0.064234 
4 0.231445 0.852555 0.049805 0.058394 
4 0.337891 0.859854 0.056641 0.059854 
9 0.833984 0.906569 0.037109 0.056934 
10 0.501953 0.854015 0.019531 0.054015 
10 0.033203 0.921168 0.028320 0.068613 
10 0.138672 0.925547 0.021484 0.065693 
10 0.159180 0.957664 0.019531 0.036496 
10 0.183594 0.940146 0.019531 0.056934 
10 0.204102 0.944526 0.029297 0.051095 
10 0.246094 0.944526 0.032227 0.049635 
10 0.288086 0.941606 0.112305 0.051095 
