10 0.140625 0.110417 0.059375 0.116667 
10 0.203125 0.118750 0.056250 0.200000 
10 0.126562 0.193750 0.214062 0.304167 
10 0.300000 0.177083 0.135937 0.166667 
10 0.470313 0.185417 0.100000 0.154167 
10 0.557813 0.208333 0.137500 0.272917 
10 0.278125 0.339583 0.465625 0.647917 
10 0.900000 0.185417 0.095312 0.272917 
2 0.348438 0.272917 0.025000 0.091667 
2 0.435937 0.260417 0.025000 0.085417 
11 0.281250 0.304167 0.303125 0.202083 
11 0.607812 0.245833 0.179688 0.183333 
6 0.206250 0.441667 0.225000 0.285417 
6 0.793750 0.316667 0.118750 0.264583 
6 0.845313 0.379167 0.151562 0.316667 
2 0.021875 0.570833 0.132812 0.420833 
2 0.196875 0.608333 0.112500 0.383333 
