9 0.465625 0.493750 0.162500 0.429167 
10 0.782813 0.452083 0.065625 0.210417 
10 0.618750 0.395833 0.043750 0.160417 
10 0.653125 0.406250 0.081250 0.118750 
10 0.723437 0.412500 0.062500 0.187500 
10 0.775000 0.395833 0.081250 0.087500 
10 0.437500 0.400000 0.045312 0.195833 
10 0.406250 0.391667 0.042188 0.141667 
10 0.476562 0.391667 0.043750 0.141667 
10 0.504687 0.416667 0.032813 0.087500 
10 0.532813 0.410417 0.040625 0.104167 
4 0.159375 0.431250 0.271875 0.156250 
4 0.010937 0.414583 0.229687 0.243750 
0 0.589063 0.487500 0.085938 0.231250 
6 0.812500 0.527083 0.075000 0.154167 
