10 0.609375 0.791667 0.025000 0.066667 
10 0.589063 0.804167 0.029687 0.089583 
10 0.534375 0.802083 0.028125 0.068750 
10 0.556250 0.785417 0.026562 0.083333 
10 0.423438 0.812500 0.037500 0.085417 
10 0.389062 0.816667 0.056250 0.112500 
10 0.248438 0.827083 0.057813 0.120833 
10 0.139063 0.812500 0.046875 0.135417 
10 0.020313 0.804167 0.054688 0.135417 
9 0.009375 0.858333 0.114062 0.087500 
9 0.101562 0.858333 0.135937 0.089583 
9 0.228125 0.856250 0.140625 0.091667 
9 0.371875 0.862500 0.128125 0.081250 
10 0.484375 0.808333 0.034375 0.131250 
9 0.450000 0.845833 0.112500 0.091667 
4 0.189062 0.825000 0.220312 0.108333 
4 0.784375 0.783333 0.101562 0.089583 
