10 0.508789 0.829912 0.021484 0.067449 
10 0.531250 0.821114 0.018555 0.079179 
10 0.554688 0.819648 0.027344 0.073314 
10 0.611328 0.825513 0.016602 0.064516 
10 0.659180 0.822581 0.023438 0.070381 
10 0.800781 0.815249 0.024414 0.082111 
10 0.849609 0.822581 0.015625 0.074780 
10 0.831055 0.813783 0.019531 0.085044 
10 0.257812 0.818182 0.040039 0.126100 
10 0.136719 0.825513 0.036133 0.105572 
10 0.081055 0.812317 0.038086 0.143695 
9 0.083008 0.873900 0.056641 0.092375 
9 0.135742 0.869501 0.048828 0.092375 
9 0.250000 0.859238 0.058594 0.090909 
4 0.207031 0.832845 0.135742 0.098240 
4 0.071289 0.825513 0.146484 0.114370 
4 0.002930 0.815249 0.072266 0.127566 
