2 0.072000 0.314667 0.106000 0.240000 
2 0.012000 0.042667 0.068000 0.269333 
2 0.028000 0.581333 0.068000 0.290667 
2 0.162000 0.562667 0.084000 0.229333 
2 0.222000 0.330667 0.082000 0.226667 
2 0.148000 0.122667 0.060000 0.226667 
2 0.276000 0.170667 0.074000 0.213333 
2 0.364000 0.234667 0.054000 0.173333 
2 0.886000 0.544000 0.110000 0.197333 
2 0.104000 0.848000 0.078000 0.144000 
2 0.002000 0.378667 0.084000 0.162667 
2 0.110000 0.637333 0.064000 0.144000 
10 0.432000 0.221333 0.478000 0.762667 
10 0.218000 0.373333 0.290000 0.610667 
