2 0.356000 0.530667 0.084000 0.378667 
2 0.602000 0.464000 0.050000 0.216000 
7 0.522000 0.528000 0.070000 0.096000 
7 0.524000 0.613333 0.076000 0.122667 
7 0.414000 0.546667 0.082000 0.213333 
7 0.288000 0.610667 0.088000 0.232000 
7 0.266000 0.757333 0.150000 0.226667 
7 0.454000 0.725333 0.150000 0.272000 
7 0.632000 0.653333 0.052000 0.093333 
7 0.126000 0.709333 0.108000 0.282667 
7 0.008000 0.789333 0.146000 0.200000 
11 0.038000 0.610667 0.772000 0.376000 
10 0.510000 0.322667 0.088000 0.229333 
10 0.394000 0.293333 0.164000 0.333333 
10 0.634000 0.234667 0.360000 0.450667 
10 0.254000 0.274667 0.254000 0.442667 
10 0.004000 0.261333 0.300000 0.560000 
