2 0.590083 0.340153 0.039669 0.143223 
2 0.720661 0.327366 0.028099 0.104859 
2 0.738843 0.324808 0.031405 0.112532 
7 0.533884 0.388747 0.034711 0.107417 
2 0.009917 0.289003 0.026446 0.086957 
2 0.033058 0.265985 0.021488 0.107417 
2 0.057851 0.319693 0.028099 0.094629 
2 0.082645 0.327366 0.019835 0.084399 
2 0.105785 0.329923 0.023140 0.074169 
2 0.095868 0.271100 0.047934 0.069054 
2 0.150413 0.273657 0.024793 0.094629 
2 0.137190 0.296675 0.023140 0.089514 
10 0.350413 0.281330 0.046281 0.092072 
10 0.385124 0.237852 0.099174 0.245524 
10 0.752066 0.281330 0.127273 0.539642 
10 0.864463 0.291560 0.109091 0.240409 
6 0.193388 0.521739 0.233058 0.470588 
6 0.393388 0.480818 0.190083 0.508951 
6 0.573554 0.455243 0.145455 0.498721 
6 0.755372 0.475703 0.168595 0.468031 
