7 0.414000 0.748503 0.048000 0.116766 
7 0.388000 0.694611 0.050000 0.074850 
7 0.616000 0.655689 0.030000 0.068862 
7 0.646000 0.661677 0.036000 0.074850 
7 0.666000 0.670659 0.040000 0.083832 
7 0.558000 0.646707 0.040000 0.092814 
10 0.280000 0.431138 0.206000 0.374251 
10 0.526000 0.431138 0.208000 0.260479 
10 0.372000 0.239521 0.108000 0.203593 
10 0.434000 0.257485 0.058000 0.122754 
10 0.486000 0.239521 0.072000 0.203593 
10 0.548000 0.266467 0.056000 0.167665 
10 0.588000 0.257485 0.102000 0.170659 
10 0.698000 0.260479 0.080000 0.224551 
10 0.814000 0.245509 0.134000 0.425150 
10 0.006000 0.107784 0.218000 0.862275 
7 0.762000 0.871257 0.064000 0.113772 
