10 0.367188 0.213115 0.034375 0.058548 
10 0.345313 0.222482 0.034375 0.100703 
10 0.328125 0.234192 0.031250 0.086651 
10 0.304688 0.213115 0.028125 0.086651 
10 0.285938 0.231850 0.035937 0.103044 
10 0.260937 0.236534 0.035937 0.114754 
10 0.234375 0.238876 0.032813 0.105386 
10 0.159375 0.245902 0.043750 0.114754 
10 0.042188 0.255269 0.043750 0.107728 
10 0.335938 0.248244 0.087500 0.182670 
10 0.446875 0.245902 0.114062 0.173302 
10 0.670312 0.276347 0.032813 0.084309 
10 0.543750 0.236534 0.104688 0.283372 
10 0.707812 0.238876 0.114062 0.318501 
10 0.804688 0.224824 0.090625 0.145199 
10 0.901563 0.236534 0.092188 0.217799 
9 0.812500 0.360656 0.176563 0.377049 
9 0.618750 0.339578 0.206250 0.337237 
9 0.464062 0.374707 0.210938 0.288056 
9 0.396875 0.348946 0.126562 0.238876 
9 0.240625 0.339578 0.193750 0.245902 
