10 0.004687 0.284457 0.060937 0.231672 
10 0.046875 0.272727 0.035937 0.093842 
10 0.085938 0.269795 0.034375 0.202346 
10 0.115625 0.258065 0.026562 0.085044 
10 0.134375 0.252199 0.056250 0.237537 
10 0.221875 0.255132 0.037500 0.120235 
10 0.170313 0.287390 0.100000 0.275660 
10 0.273438 0.237537 0.068750 0.290323 
10 0.406250 0.211144 0.032813 0.102639 
10 0.487500 0.228739 0.065625 0.120235 
10 0.481250 0.272727 0.078125 0.161290 
10 0.365625 0.275660 0.078125 0.351906 
10 0.420312 0.258065 0.110937 0.442815 
10 0.543750 0.222874 0.078125 0.222874 
10 0.510938 0.296188 0.207813 0.689150 
10 0.642188 0.252199 0.081250 0.193548 
10 0.678125 0.237537 0.057813 0.137830 
10 0.710938 0.252199 0.093750 0.316716 
10 0.829688 0.237537 0.085938 0.348974 
10 0.890625 0.193548 0.101562 0.381232 
9 0.084375 0.340176 0.060937 0.146628 
9 0.004687 0.366569 0.078125 0.146628 
9 0.167187 0.387097 0.126562 0.211144 
9 0.128125 0.360704 0.062500 0.173021 
9 0.251563 0.310850 0.135937 0.202346 
9 0.370312 0.422287 0.179688 0.272727 
9 0.643750 0.401760 0.164062 0.266862 
9 0.815625 0.507331 0.164062 0.272727 
9 0.440625 0.545455 0.379688 0.390029 
