7 0.426758 0.514663 0.040039 0.115836 
7 0.471680 0.520528 0.034180 0.090909 
7 0.333984 0.483871 0.028320 0.060117 
7 0.684570 0.520528 0.049805 0.146628 
11 0.536133 0.444282 0.142578 0.146628 
11 0.401367 0.557185 0.460938 0.390029 
10 0.315430 0.376833 0.070312 0.112903 
10 0.385742 0.329912 0.105469 0.277126 
10 0.444336 0.343109 0.044922 0.105572 
10 0.500000 0.316716 0.096680 0.200880 
10 0.814453 0.272727 0.191406 0.542522 
10 0.005859 0.237537 0.958008 0.752199 
10 0.192383 0.303519 0.353516 0.637830 
