1 0.082812 0.489461 0.187500 0.135831 
1 0.192188 0.538642 0.240625 0.213115 
1 0.409375 0.655738 0.481250 0.332553 
1 0.418750 0.536300 0.257812 0.093677 
1 0.503125 0.435597 0.148438 0.067916 
1 0.610938 0.487119 0.159375 0.112412 
1 0.646875 0.395785 0.337500 0.126464 
1 0.692187 0.564403 0.285938 0.222482 
1 0.792188 0.501171 0.203125 0.135831 
1 0.389062 0.367681 0.065625 0.056206 
1 0.335938 0.379391 0.051562 0.039813 
1 0.248438 0.367681 0.071875 0.058548 
1 0.171875 0.372365 0.073438 0.065574 
1 0.126562 0.412178 0.062500 0.042155 
1 0.006250 0.381733 0.096875 0.063232 
