2 0.284000 0.552553 0.048000 0.216216 
2 0.186000 0.564565 0.044000 0.189189 
2 0.112000 0.567568 0.038000 0.183183 
2 0.150000 0.570571 0.034000 0.177177 
7 0.388000 0.606607 0.042000 0.120120 
7 0.356000 0.654655 0.040000 0.135135 
7 0.322000 0.663664 0.046000 0.168168 
7 0.278000 0.690691 0.050000 0.159159 
7 0.226000 0.642643 0.050000 0.186186 
6 0.642000 0.540541 0.100000 0.438438 
6 0.794000 0.699700 0.124000 0.294294 
10 0.454000 0.402402 0.114000 0.189189 
10 0.530000 0.426426 0.170000 0.318318 
10 0.398000 0.549550 0.220000 0.444444 
10 0.294000 0.375375 0.140000 0.198198 
10 0.170000 0.378378 0.116000 0.249249 
10 0.042000 0.432432 0.170000 0.246246 
7 0.086000 0.612613 0.048000 0.177177 
10 0.002000 0.576577 0.092000 0.417417 
10 0.822000 0.120120 0.088000 0.168168 
10 0.032000 0.033033 0.134000 0.462462 
10 0.242000 0.111111 0.050000 0.258258 
10 0.638000 0.174174 0.136000 0.456456 
10 0.786000 0.390390 0.184000 0.315315 
10 0.850000 0.507508 0.148000 0.477477 
6 0.402000 0.441441 0.418000 0.294294 
11 0.048000 0.528529 0.416000 0.465465 
