2 0.046575 0.231507 0.139726 0.476712 
2 0.194521 0.247945 0.125114 0.512329 
2 0.342466 0.056164 0.104110 0.404110 
2 0.470320 0.065753 0.102283 0.434247 
2 0.726941 0.075342 0.099543 0.508219 
2 0.705936 0.498630 0.142466 0.484932 
7 0.592694 0.198630 0.099543 0.143836 
7 0.597260 0.324658 0.118721 0.354795 
7 0.881279 0.435616 0.108676 0.412329 
7 0.408219 0.502740 0.161644 0.479452 
7 0.031963 0.641096 0.197260 0.339726 
7 0.260274 0.326027 0.095890 0.356164 
7 0.246575 0.200000 0.100457 0.141096 
2 0.002740 0.002740 0.078539 0.601370 
2 0.056621 0.012329 0.117808 0.580822 
