3 0.322857 0.236052 0.377143 0.587983 
4 0.168571 0.388412 0.144286 0.160944 
4 0.697143 0.454936 0.122857 0.201717 
4 0.660000 0.819742 0.185714 0.163090 
4 0.841429 0.309013 0.090000 0.163090 
4 0.904286 0.152361 0.042857 0.070815 
4 0.890000 0.072961 0.032857 0.040773 
4 0.855714 0.047210 0.027143 0.053648 
4 0.822857 0.075107 0.030000 0.040773 
4 0.865714 0.008584 0.051429 0.053648 
4 0.678571 0.068670 0.047143 0.053648 
4 0.744286 0.066524 0.031429 0.045064 
4 0.615714 0.100858 0.040000 0.038627 
4 0.622857 0.154506 0.037143 0.047210 
0 0.374286 0.184549 0.024286 0.040773 
10 0.118571 0.261803 0.035714 0.090129 
10 0.065714 0.255365 0.031429 0.081545 
10 0.374286 0.163090 0.027143 0.053648 
10 0.441429 0.124464 0.027143 0.053648 
10 0.271429 0.472103 0.027143 0.148069 
10 0.242857 0.491416 0.022857 0.150215 
10 0.300000 0.542918 0.032857 0.171674 
10 0.464286 0.555794 0.040000 0.072961 
