11 0.164062 0.540984 0.164062 0.086651 
11 0.004687 0.627635 0.182812 0.131148 
10 0.231250 0.449649 0.070312 0.100703 
10 0.285938 0.461358 0.078125 0.290398 
10 0.714063 0.466042 0.117188 0.238876 
10 0.879687 0.466042 0.053125 0.156909 
10 0.904687 0.454333 0.090625 0.203747 
6 0.318750 0.515222 0.085938 0.227166 
6 0.051562 0.517564 0.100000 0.119438 
6 0.190625 0.580796 0.101562 0.306792 
6 0.012500 0.651054 0.184375 0.330211 
6 0.639062 0.515222 0.087500 0.220141 
6 0.578125 0.477752 0.081250 0.189696 
7 0.842187 0.599532 0.029687 0.063232 
