10 0.566667 0.137072 0.125000 0.246106 
10 0.652083 0.168224 0.102083 0.214953 
10 0.779167 0.040498 0.152083 0.445483 
7 0.012500 0.473520 0.066667 0.186916 
7 0.102083 0.495327 0.089583 0.149533 
7 0.318750 0.404984 0.060417 0.149533 
7 0.706250 0.445483 0.060417 0.149533 
7 0.756250 0.538941 0.118750 0.118380 
7 0.893750 0.704050 0.100000 0.171340 
11 0.250000 0.218069 0.318750 0.146417 
6 0.197917 0.239875 0.125000 0.242991 
6 0.027083 0.239875 0.095833 0.205607 
6 0.110417 0.286604 0.079167 0.230530 
6 0.285417 0.271028 0.131250 0.174455 
6 0.514583 0.277259 0.125000 0.152648 
