3 0.101796 0.250000 0.790419 0.654000 
10 0.245509 0.452000 0.053892 0.058000 
10 0.185629 0.426000 0.062874 0.088000 
10 0.140719 0.430000 0.068862 0.096000 
10 0.080838 0.476000 0.074850 0.150000 
10 0.098802 0.268000 0.056886 0.102000 
10 0.044910 0.250000 0.053892 0.110000 
10 0.092814 0.242000 0.044910 0.048000 
10 0.131737 0.242000 0.044910 0.086000 
10 0.128743 0.178000 0.068862 0.068000 
10 0.365269 0.246000 0.053892 0.096000 
10 0.419162 0.236000 0.041916 0.106000 
10 0.326347 0.218000 0.047904 0.082000 
10 0.473054 0.208000 0.050898 0.084000 
10 0.532934 0.142000 0.035928 0.068000 
10 0.631737 0.148000 0.035928 0.054000 
4 0.604790 0.188000 0.152695 0.096000 
4 0.889222 0.250000 0.101796 0.116000 
