3 0.412500 0.639925 0.217188 0.160448 
3 0.129688 0.641791 0.155469 0.154851 
10 0.095312 0.798507 0.055469 0.143657 
10 0.175000 0.791045 0.064062 0.097015 
4 0.006250 0.733209 0.053906 0.097015 
4 0.296094 0.833955 0.044531 0.097015 
4 0.264062 0.919776 0.046875 0.065299 
4 0.200781 0.895522 0.053125 0.085821 
4 0.710156 0.649254 0.049219 0.070896 
4 0.666406 0.692164 0.056250 0.070896 
4 0.795312 0.664179 0.053906 0.065299 
4 0.532813 0.481343 0.024219 0.041045 
4 0.517969 0.542910 0.021094 0.054104 
4 0.533594 0.393657 0.025781 0.072761 
3 0.521094 0.332090 0.032031 0.098881 
3 0.878125 0.542910 0.082812 0.160448 
10 0.375781 0.856343 0.023438 0.065299 
10 0.405469 0.819030 0.021094 0.072761 
10 0.417969 0.848881 0.075000 0.121269 
10 0.369531 0.606343 0.037500 0.070896 
10 0.426563 0.569030 0.064062 0.080224 
10 0.532813 0.750000 0.133594 0.220149 
10 0.672656 0.755597 0.263281 0.227612 
10 0.592187 0.514925 0.035156 0.085821 
10 0.642969 0.580224 0.077344 0.098881 
10 0.799219 0.557836 0.045312 0.070896 
