4 0.384766 0.238653 0.135742 0.121523 
4 0.209961 0.235725 0.103516 0.095168 
4 0.005859 0.229868 0.125977 0.212299 
4 0.685547 0.213763 0.219727 0.216691 
4 0.506836 0.262079 0.082031 0.083455 
9 0.192383 0.326501 0.369141 0.412884 
9 0.380859 0.346999 0.500977 0.632504 
10 0.111328 0.298682 0.064453 0.232796 
10 0.320312 0.213763 0.063477 0.194729 
10 0.336914 0.265007 0.126953 0.402635 
10 0.590820 0.254758 0.033203 0.133236 
10 0.556641 0.251830 0.026367 0.127379 
10 0.576172 0.254758 0.223633 0.590044 
10 0.798828 0.259151 0.141602 0.509517 
10 0.910156 0.206442 0.084961 0.547584 
10 0.241211 0.221083 0.042969 0.090776 
9 0.237305 0.272328 0.049805 0.051245 
