10 0.753370 0.322712 0.073223 0.144199 
10 0.011336 0.280229 0.105086 0.636438 
10 0.088848 0.302696 0.095588 0.553513 
10 0.154718 0.333742 0.070159 0.114788 
10 0.149203 0.295752 0.186887 0.693627 
10 0.277880 0.328431 0.116728 0.625817 
10 0.473039 0.332516 0.092218 0.620098 
10 0.527267 0.323938 0.144301 0.660948 
10 0.620711 0.330882 0.089154 0.635621 
10 0.360600 0.291258 0.165748 0.686683 
10 0.691789 0.377859 0.089154 0.520833 
10 0.746017 0.315359 0.123162 0.581699 
10 0.801164 0.377859 0.134804 0.604575 
