2 0.559375 0.562500 0.028125 0.108333 
2 0.731250 0.604167 0.040625 0.125000 
7 0.637500 0.658333 0.026562 0.058333 
7 0.628125 0.616667 0.025000 0.045833 
6 0.173437 0.552083 0.051562 0.206250 
6 0.217188 0.591667 0.120313 0.308333 
6 0.314063 0.614583 0.073438 0.350000 
6 0.378125 0.635417 0.110937 0.345833 
6 0.450000 0.672917 0.218750 0.310417 
6 0.740625 0.781250 0.250000 0.214583 
11 0.273438 0.547917 0.545312 0.364583 
10 0.320312 0.456250 0.046875 0.116667 
10 0.285938 0.468750 0.068750 0.139583 
10 0.204687 0.477083 0.087500 0.197917 
10 0.173437 0.370833 0.104688 0.179167 
10 0.095312 0.414583 0.070312 0.350000 
10 0.392188 0.454167 0.064062 0.114583 
10 0.465625 0.470833 0.056250 0.077083 
10 0.539062 0.470833 0.085938 0.133333 
10 0.607812 0.475000 0.064062 0.139583 
10 0.653125 0.489583 0.134375 0.170833 
10 0.817187 0.522917 0.098437 0.208333 
10 0.909375 0.545833 0.085938 0.262500 
10 0.717187 0.581250 0.185938 0.404167 
10 0.420312 0.520833 0.167187 0.318750 
10 0.382812 0.518750 0.098437 0.214583 
