2 0.499219 0.415625 0.034766 0.115104 
2 0.539062 0.456771 0.030078 0.108333 
2 0.538281 0.544792 0.031641 0.100000 
2 0.537500 0.622917 0.026172 0.103125 
2 0.501172 0.515625 0.032422 0.087500 
2 0.500391 0.582812 0.033984 0.092708 
2 0.462109 0.508333 0.036328 0.108333 
2 0.460547 0.608333 0.040234 0.103125 
2 0.463672 0.693750 0.033984 0.105208 
2 0.395703 0.501042 0.033984 0.116146 
2 0.395703 0.603125 0.034766 0.130729 
2 0.397266 0.715625 0.035547 0.116146 
2 0.316797 0.521875 0.034766 0.127604 
2 0.316016 0.628125 0.039453 0.122396 
2 0.319922 0.739062 0.041797 0.134896 
2 0.221875 0.601042 0.045703 0.110417 
2 0.225781 0.692708 0.041016 0.121354 
2 0.230859 0.792708 0.040234 0.120313 
2 0.185547 0.473438 0.031641 0.090625 
2 0.186328 0.551562 0.031641 0.093750 
2 0.192578 0.629167 0.033984 0.108333 
2 0.118359 0.573438 0.037109 0.131771 
2 0.123828 0.684375 0.031641 0.123438 
2 0.123828 0.790625 0.043359 0.119271 
2 0.057813 0.452083 0.040234 0.127604 
2 0.060937 0.532292 0.033984 0.096875 
2 0.060937 0.626042 0.030078 0.094792 
2 0.055078 0.704167 0.044141 0.143229 
2 0.700000 0.534375 0.032422 0.128646 
2 0.697656 0.644271 0.037109 0.116146 
2 0.695312 0.747396 0.032422 0.096875 
2 0.813281 0.549479 0.033984 0.118229 
2 0.808594 0.654687 0.037891 0.120313 
2 0.801953 0.753646 0.042578 0.112500 
2 0.896094 0.554688 0.041016 0.118229 
2 0.889062 0.659896 0.039453 0.113542 
2 0.881250 0.752604 0.040234 0.114062 
2 0.955469 0.712500 0.042578 0.155729 
0 0.646094 0.159896 0.093359 0.067708 
2 0.114453 0.182292 0.027734 0.086458 
10 0.216406 0.128646 0.021094 0.113021 
10 0.180078 0.127083 0.037109 0.126042 
10 0.150391 0.124479 0.035156 0.128646 
10 0.110156 0.113021 0.045703 0.141667 
10 0.002734 0.090625 0.064844 0.459896 
10 0.020703 0.096354 0.133594 0.430208 
10 0.510156 0.138542 0.026562 0.106250 
10 0.428516 0.138542 0.032813 0.108854 
10 0.390234 0.132812 0.050781 0.147396 
10 0.355469 0.138542 0.035937 0.148438 
10 0.250000 0.106250 0.087109 0.317188 
10 0.587891 0.104688 0.051953 0.215104 
10 0.536719 0.113021 0.057422 0.273438 
10 0.804297 0.086458 0.064844 0.270313 
10 0.733203 0.093229 0.098828 0.410417 
10 0.842578 0.056771 0.128516 0.418750 
10 0.493359 0.338021 0.184766 0.355208 
10 0.393359 0.159896 0.133594 0.472917 
