10 0.716146 0.598633 0.070312 0.135742 
10 0.644531 0.606445 0.069010 0.148438 
10 0.514323 0.585938 0.069010 0.154297 
10 0.209635 0.597656 0.092448 0.088867 
10 0.098958 0.605469 0.050781 0.060547 
10 0.317708 0.610352 0.046875 0.072266 
10 0.346354 0.618164 0.040365 0.069336 
10 0.381510 0.611328 0.039062 0.070312 
10 0.424479 0.609375 0.050781 0.114258 
10 0.468750 0.590820 0.080729 0.143555 
10 0.596354 0.626953 0.053385 0.091797 
10 0.816406 0.617188 0.048177 0.107422 
10 0.063802 0.619141 0.044271 0.052734 
10 0.148438 0.624023 0.026042 0.043945 
4 0.009115 0.657227 0.600260 0.206055 
4 0.789062 0.634766 0.192708 0.075195 
