4 0.433594 0.765832 0.090820 0.094256 
4 0.331055 0.759941 0.089844 0.088365 
4 0.228516 0.786451 0.133789 0.116348 
4 0.599609 0.787923 0.197266 0.113402 
4 0.664062 0.818851 0.333008 0.175258 
10 0.068359 0.777614 0.055664 0.206186 
10 0.169922 0.752577 0.068359 0.170839 
10 0.350586 0.798233 0.097656 0.195876 
10 0.247070 0.827688 0.117188 0.156112 
10 0.034180 0.729013 0.034180 0.083947 
10 0.752930 0.804124 0.155273 0.217968 
10 0.123047 0.759941 0.029297 0.069219 
10 0.117188 0.799705 0.059570 0.195876 
10 0.130859 0.867452 0.094727 0.125184 
10 0.211914 0.885125 0.062500 0.110457 
10 0.005859 0.768778 0.043945 0.216495 
10 0.059570 0.746686 0.041992 0.173785 
10 0.156250 0.749632 0.038086 0.072165 
3 0.002930 0.674521 0.180664 0.123711 
10 0.632812 0.768778 0.035156 0.061856 
