6 0.513672 0.675781 0.079102 0.138021 
6 0.674805 0.742188 0.073242 0.221354 
6 0.709961 0.769531 0.065430 0.214844 
6 0.765625 0.807292 0.079102 0.184896 
6 0.015625 0.700521 0.041016 0.101562 
6 0.092773 0.704427 0.120117 0.221354 
10 0.217773 0.690104 0.078125 0.105469 
10 0.377930 0.726562 0.149414 0.243490 
10 0.409180 0.622396 0.075195 0.076823 
10 0.337891 0.618490 0.043945 0.069010 
10 0.248047 0.618490 0.060547 0.067708 
10 0.576172 0.608073 0.039062 0.083333 
10 0.743164 0.610677 0.046875 0.100260 
10 0.786133 0.634115 0.077148 0.126302 
10 0.689453 0.656250 0.080078 0.115885 
10 0.753906 0.666667 0.094727 0.130208 
10 0.869141 0.541667 0.105469 0.294271 
