6 0.024414 0.432353 0.077148 0.173529 
6 0.084961 0.448529 0.074219 0.154412 
6 0.166016 0.469118 0.089844 0.122059 
6 0.397461 0.411765 0.071289 0.098529 
6 0.459961 0.388235 0.061523 0.122059 
6 0.167969 0.600000 0.193359 0.392647 
6 0.331055 0.575000 0.174805 0.372059 
6 0.467773 0.523529 0.139648 0.267647 
6 0.659180 0.477941 0.122070 0.219118 
6 0.614258 0.391176 0.064453 0.077941 
6 0.748047 0.404412 0.082031 0.207353 
6 0.913086 0.430882 0.076172 0.123529 
11 0.052734 0.402941 0.294922 0.150000 
11 0.315430 0.379412 0.188477 0.108824 
11 0.596680 0.361765 0.150391 0.095588 
11 0.783203 0.395588 0.186523 0.230882 
11 0.539062 0.426471 0.235352 0.258824 
11 0.044922 0.533824 0.561523 0.451471 
11 0.504883 0.614706 0.499023 0.367647 
7 0.219727 0.555882 0.043945 0.091176 
7 0.185547 0.533824 0.034180 0.094118 
7 0.727539 0.722059 0.038086 0.123529 
7 0.780273 0.714706 0.040039 0.130882 
7 0.822266 0.635294 0.041016 0.117647 
7 0.910156 0.569118 0.034180 0.100000 
7 0.956055 0.576471 0.037109 0.100000 
7 0.359375 0.507353 0.032227 0.086765 
7 0.471680 0.476471 0.036133 0.083824 
7 0.227539 0.405882 0.032227 0.079412 
7 0.375977 0.369118 0.015625 0.055882 
7 0.425781 0.361765 0.021484 0.055882 
7 0.838867 0.397059 0.045898 0.061765 
7 0.901367 0.382353 0.040039 0.047059 
