7 0.442188 0.600000 0.021875 0.066667 
7 0.468750 0.600000 0.023438 0.062500 
11 0.140625 0.597917 0.167187 0.160417 
11 0.243750 0.710417 0.296875 0.260417 
11 0.473438 0.589583 0.114062 0.066667 
11 0.376563 0.639583 0.173437 0.095833 
11 0.559375 0.556250 0.104688 0.060417 
11 0.720313 0.631250 0.184375 0.104167 
11 0.796875 0.712500 0.195312 0.160417 
6 0.096875 0.583333 0.114062 0.200000 
6 0.220312 0.560417 0.114062 0.197917 
6 0.329688 0.564583 0.067187 0.139583 
6 0.548438 0.618750 0.070312 0.254167 
6 0.428125 0.672917 0.148438 0.316667 
6 0.151562 0.708333 0.218750 0.281250 
6 0.582812 0.589583 0.071875 0.160417 
6 0.693750 0.583333 0.081250 0.218750 
6 0.790625 0.635417 0.151562 0.222917 
6 0.800000 0.754167 0.193750 0.231250 
