6 0.404687 0.761682 0.173437 0.231308 
6 0.257812 0.672897 0.123438 0.240654 
6 0.182812 0.621495 0.090625 0.172897 
6 0.793750 0.686916 0.146875 0.254673 
6 0.607812 0.623832 0.090625 0.196262 
6 0.479687 0.598131 0.071875 0.151869 
6 0.392188 0.572430 0.067187 0.130841 
6 0.343750 0.556075 0.051562 0.114486 
6 0.300000 0.544393 0.048438 0.100467 
6 0.578125 0.563084 0.045312 0.100467 
11 0.123438 0.584112 0.081250 0.112150 
11 0.154688 0.605140 0.103125 0.135514 
11 0.171875 0.635514 0.137500 0.191589 
11 0.245312 0.675234 0.214062 0.264019 
11 0.404687 0.785047 0.289062 0.196262 
11 0.287500 0.563084 0.057813 0.074766 
11 0.339062 0.567757 0.065625 0.088785 
11 0.396875 0.579439 0.084375 0.116822 
11 0.481250 0.602804 0.117188 0.142523 
11 0.610938 0.633178 0.150000 0.200935 
11 0.837500 0.691589 0.159375 0.285047 
