4 0.326250 0.880000 0.076250 0.108889 
4 0.377500 0.784444 0.058750 0.091111 
4 0.430000 0.791111 0.025000 0.048889 
4 0.445000 0.760000 0.025000 0.037778 
4 0.523750 0.768889 0.031250 0.044444 
4 0.632500 0.735556 0.052500 0.035556 
4 0.607500 0.742222 0.030000 0.053333 
4 0.516250 0.657778 0.070000 0.035556 
3 0.490000 0.706667 0.030000 0.048889 
9 0.533750 0.713333 0.020000 0.033333 
10 0.895000 0.828889 0.016250 0.071111 
10 0.915000 0.851111 0.023750 0.071111 
10 0.193750 0.933333 0.031250 0.062222 
10 0.261250 0.895556 0.018750 0.073333 
10 0.125000 0.793333 0.022500 0.055556 
10 0.145000 0.797778 0.020000 0.051111 
