0 0.248438 0.498829 0.170313 0.231850 
0 0.646875 0.505855 0.110937 0.170960 
0 0.776563 0.526932 0.085938 0.332553 
10 0.518750 0.468384 0.037500 0.124122 
10 0.482812 0.454333 0.032813 0.121780 
10 0.453125 0.456674 0.034375 0.126464 
10 0.559375 0.440281 0.034375 0.135831 
0 0.598437 0.496487 0.051562 0.086651 
10 0.625000 0.435597 0.037500 0.131148 
10 0.671875 0.430913 0.039062 0.105386 
10 0.746875 0.416862 0.051562 0.194379 
6 0.406250 0.519906 0.029687 0.063232 
6 0.439063 0.519906 0.026562 0.072600 
