0 0.328333 0.650000 0.660000 0.347500 
8 0.226667 0.592500 0.095000 0.102500 
10 0.203333 0.483750 0.096667 0.165000 
10 0.385000 0.465000 0.028333 0.065000 
10 0.576667 0.453750 0.048333 0.083750 
10 0.718333 0.455000 0.041667 0.062500 
10 0.916667 0.451250 0.078333 0.121250 
10 0.535000 0.460000 0.035000 0.050000 
4 0.126667 0.468750 0.081667 0.052500 
4 0.005000 0.476250 0.141667 0.065000 
4 0.191667 0.455000 0.128333 0.077500 
4 0.306667 0.462500 0.050000 0.040000 
4 0.406667 0.470000 0.061667 0.043750 
