0 0.004883 0.612006 0.397461 0.376281 
11 0.833008 0.631040 0.121094 0.222548 
10 0.248047 0.486091 0.060547 0.278184 
10 0.412109 0.509517 0.050781 0.244510 
10 0.345703 0.491947 0.066406 0.263543 
10 0.500977 0.497804 0.064453 0.286969 
10 0.453125 0.475842 0.081055 0.319180 
10 0.547852 0.474378 0.066406 0.345534 
10 0.590820 0.459736 0.075195 0.349927 
10 0.645508 0.465593 0.065430 0.335286 
10 0.687500 0.494876 0.072266 0.313324 
10 0.759766 0.465593 0.083984 0.377745 
10 0.887695 0.267936 0.110352 0.720351 
