0 0.472393 0.469325 0.122699 0.315951 
0 0.184049 0.536810 0.194274 0.463190 
0 0.609407 0.579755 0.204499 0.420245 
0 0.145194 0.463190 0.126789 0.260736 
0 0.364008 0.457055 0.067485 0.187117 
4 0.006135 0.383436 0.194274 0.282209 
4 0.699387 0.374233 0.298569 0.435583 
4 0.568507 0.411043 0.069530 0.150307 
10 0.353783 0.361963 0.038855 0.085890 
10 0.376278 0.398773 0.053170 0.211656 
10 0.145194 0.319018 0.122699 0.236196 
10 0.212679 0.294479 0.177914 0.518405 
10 0.466258 0.315951 0.116564 0.377301 
10 0.617587 0.294479 0.175869 0.530675 
