0 0.435897 0.639053 0.128205 0.272189 
0 0.566075 0.653846 0.104536 0.118343 
0 0.735700 0.650888 0.153846 0.159763 
10 0.157791 0.600592 0.049310 0.127219 
9 0.222880 0.650888 0.035503 0.071006 
10 0.238659 0.627219 0.031558 0.068047 
10 0.053254 0.609467 0.051282 0.115385 
10 0.003945 0.606509 0.043393 0.112426 
10 0.585799 0.594675 0.069034 0.150888 
10 0.449704 0.455621 0.110454 0.431953 
10 0.786982 0.576923 0.065089 0.207101 
10 0.901381 0.627219 0.057199 0.124260 
10 0.861933 0.630178 0.031558 0.121302 
10 0.749507 0.633136 0.031558 0.109467 
10 0.715976 0.647929 0.023669 0.082840 
