0 0.006667 0.557596 0.241111 0.233723 
0 0.717778 0.532554 0.237778 0.252087 
0 0.316667 0.455760 0.053333 0.046745 
4 0.063333 0.430718 0.064444 0.060100 
4 0.112222 0.434057 0.068889 0.086811 
4 0.433333 0.432387 0.146667 0.078464 
4 0.661111 0.420701 0.173333 0.100167 
4 0.774444 0.407346 0.130000 0.075125 
4 0.882222 0.407346 0.113333 0.085142 
4 0.861111 0.447412 0.136667 0.120200 
10 0.278889 0.412354 0.036667 0.080134 
10 0.323333 0.409015 0.021111 0.063439 
10 0.598889 0.409015 0.018889 0.073456 
10 0.446667 0.520868 0.106667 0.212020 
