0 0.110937 0.603687 0.123438 0.214286 
9 0.725000 0.585253 0.098437 0.092166 
4 0.581250 0.580645 0.126562 0.099078 
4 0.912500 0.557604 0.085938 0.129032 
10 0.748437 0.559908 0.040625 0.105991 
10 0.878125 0.601382 0.026562 0.055300 
10 0.134375 0.539171 0.079687 0.255760 
10 0.215625 0.605991 0.040625 0.161290 
10 0.275000 0.649770 0.035937 0.096774 
10 0.303125 0.640553 0.048438 0.117512 
10 0.343750 0.638249 0.040625 0.129032 
10 0.400000 0.566820 0.040625 0.105991 
10 0.393750 0.631336 0.103125 0.172811 
10 0.462500 0.635945 0.076563 0.138249 
