0 0.475000 0.441423 0.195312 0.190377 
0 0.275000 0.389121 0.257812 0.177824 
0 0.135937 0.405858 0.117188 0.127615 
0 0.010937 0.414226 0.120313 0.232218 
0 0.873437 0.384937 0.123438 0.230126 
0 0.737500 0.414226 0.100000 0.144351 
4 0.451562 0.341004 0.114062 0.064854 
10 0.287500 0.303347 0.114062 0.240586 
10 0.415625 0.324268 0.050000 0.200837 
10 0.215625 0.307531 0.037500 0.117155 
10 0.157812 0.313808 0.070312 0.205021 
10 0.078125 0.317992 0.051562 0.232218 
10 0.014063 0.305439 0.050000 0.188285 
10 0.671875 0.313808 0.081250 0.083682 
10 0.573438 0.317992 0.084375 0.303347 
10 0.714063 0.313808 0.098437 0.144351 
10 0.907813 0.324268 0.045312 0.108787 
