0 0.734375 0.757075 0.175000 0.202830 
10 0.090625 0.587264 0.054688 0.146226 
10 0.026562 0.554245 0.045312 0.195755 
10 0.256250 0.558962 0.031250 0.091981 
10 0.293750 0.549528 0.040625 0.106132 
10 0.329688 0.535377 0.034375 0.122642 
10 0.356250 0.537736 0.037500 0.117925 
10 0.409375 0.542453 0.029687 0.158019 
10 0.446875 0.589623 0.046875 0.198113 
10 0.490625 0.528302 0.035937 0.096698 
10 0.531250 0.537736 0.032813 0.127358 
10 0.495312 0.596698 0.037500 0.186321 
10 0.542188 0.599057 0.039062 0.181604 
10 0.573438 0.514151 0.042188 0.091981 
10 0.443750 0.495283 0.037500 0.087264 
10 0.381250 0.485849 0.035937 0.096698 
10 0.214062 0.483491 0.032813 0.087264 
10 0.276562 0.485849 0.062500 0.091981 
10 0.595313 0.558962 0.037500 0.136792 
10 0.632812 0.542453 0.034375 0.080189 
10 0.637500 0.601415 0.048438 0.153302 
10 0.689063 0.549528 0.039062 0.143868 
10 0.739062 0.518868 0.023438 0.122642 
10 0.751563 0.537736 0.032813 0.148585 
10 0.782813 0.533019 0.037500 0.148585 
10 0.820312 0.540094 0.031250 0.127358 
10 0.860938 0.608491 0.045312 0.186321 
10 0.931250 0.615566 0.048438 0.198113 
10 0.907813 0.549528 0.053125 0.153302 
10 0.701562 0.603774 0.059375 0.216981 
10 0.785937 0.688679 0.054688 0.273585 
10 0.601562 0.683962 0.046875 0.193396 
10 0.356250 0.674528 0.084375 0.259434 
10 0.276562 0.733491 0.103125 0.254717 
