0 0.240625 0.464953 0.215625 0.207944 
0 0.021875 0.649533 0.412500 0.343458 
0 0.718750 0.497664 0.185938 0.226636 
0 0.485938 0.287383 0.184375 0.161215 
4 0.284375 0.355140 0.268750 0.282710 
4 0.607812 0.392523 0.203125 0.268692 
10 0.042188 0.327103 0.078125 0.140187 
10 0.101562 0.350467 0.073438 0.123832 
10 0.225000 0.324766 0.078125 0.179907 
10 0.287500 0.345794 0.110937 0.250000 
10 0.075000 0.336449 0.240625 0.635514 
10 0.518750 0.338785 0.081250 0.345794 
10 0.789062 0.320093 0.110937 0.448598 
4 0.873437 0.390187 0.064062 0.088785 
3 0.867188 0.331776 0.085938 0.084112 
