0 0.398973 0.722603 0.105023 0.101884 
4 0.218322 0.664812 0.149543 0.092466 
10 0.809646 0.657106 0.017979 0.076627 
10 0.824486 0.648973 0.019121 0.084332 
10 0.844749 0.658818 0.020263 0.074914 
10 0.863870 0.647688 0.022260 0.081336 
10 0.760845 0.655394 0.032820 0.135274 
10 0.726884 0.657106 0.025400 0.135274 
10 0.699201 0.645976 0.038242 0.187928 
10 0.632420 0.645976 0.060502 0.264127 
10 0.582477 0.669949 0.066781 0.245291 
10 0.522831 0.672945 0.069064 0.241866 
6 0.510274 0.711045 0.041381 0.110017 
6 0.336187 0.747860 0.093322 0.138699 
6 0.248002 0.763699 0.109304 0.151113 
