1 0.268627 0.413690 0.266667 0.309524 
1 0.598039 0.467262 0.384314 0.232143 
6 0.447059 0.729167 0.088235 0.184524 
6 0.527451 0.744048 0.101961 0.187500 
6 0.605882 0.708333 0.058824 0.130952 
6 0.688235 0.708333 0.090196 0.214286 
6 0.774510 0.708333 0.084314 0.187500 
6 0.841176 0.696429 0.056863 0.172619 
6 0.901961 0.681548 0.074510 0.172619 
10 0.556863 0.613095 0.052941 0.148810 
10 0.774510 0.636905 0.068627 0.223214 
10 0.535294 0.690476 0.082353 0.172619 
10 0.462745 0.696429 0.084314 0.190476 
1 0.003922 0.645833 0.131373 0.142857 
