1 0.298889 0.709302 0.394444 0.151163 
1 0.567778 0.498339 0.167778 0.091362 
1 0.323333 0.405316 0.086667 0.053156 
1 0.140000 0.461794 0.130000 0.059801 
10 0.158889 0.466777 0.026667 0.031561 
10 0.194444 0.466777 0.017778 0.036545 
10 0.208889 0.466777 0.017778 0.028239 
10 0.340000 0.717608 0.037778 0.068106 
10 0.584444 0.744186 0.037778 0.063123 
10 0.383333 0.714286 0.180000 0.081395 
10 0.600000 0.514950 0.024444 0.041528 
10 0.632222 0.511628 0.016667 0.038206 
10 0.667778 0.508306 0.021111 0.046512 
