2 0.508000 0.453333 0.054000 0.170667 
2 0.404000 0.485333 0.062000 0.200000 
2 0.602000 0.520000 0.056000 0.125333 
7 0.304000 0.496000 0.054000 0.106667 
7 0.194000 0.496000 0.064000 0.200000 
7 0.014000 0.541333 0.112000 0.333333 
7 0.586000 0.618667 0.098000 0.146667 
7 0.564000 0.696000 0.128000 0.298667 
10 0.006000 0.312000 0.118000 0.392000 
10 0.050000 0.322667 0.130000 0.312000 
10 0.162000 0.330667 0.130000 0.218667 
10 0.330000 0.349333 0.130000 0.189333 
10 0.484000 0.320000 0.134000 0.216000 
10 0.600000 0.328000 0.138000 0.232000 
10 0.756000 0.320000 0.172000 0.314667 
10 0.716000 0.242667 0.280000 0.525333 
11 0.006000 0.522667 0.988000 0.469333 
