2 0.396117 0.587349 0.038835 0.180723 
2 0.436893 0.566265 0.036893 0.183735 
2 0.493204 0.584337 0.040777 0.177711 
2 0.568932 0.569277 0.048544 0.165663 
7 0.333981 0.668675 0.031068 0.063253 
7 0.372816 0.650602 0.027184 0.087349 
7 0.617476 0.647590 0.029126 0.075301 
7 0.638835 0.677711 0.031068 0.066265 
11 0.293204 0.656627 0.423301 0.219880 
10 0.516505 0.445783 0.180583 0.268072 
10 0.365049 0.418675 0.155340 0.292169 
10 0.229126 0.490964 0.139806 0.367470 
10 0.085437 0.325301 0.178641 0.578313 
10 0.001942 0.198795 0.091262 0.665663 
10 0.749515 0.506024 0.172816 0.376506 
