2 0.004687 0.691667 0.057813 0.247917 
2 0.107813 0.579167 0.079687 0.241667 
2 0.270313 0.533333 0.065625 0.216667 
2 0.603125 0.589583 0.056250 0.239583 
2 0.748437 0.706250 0.081250 0.227083 
2 0.829688 0.697917 0.075000 0.275000 
2 0.415625 0.272917 0.048438 0.118750 
2 0.325000 0.766667 0.081250 0.227083 
7 0.442188 0.579167 0.051562 0.122917 
11 0.015625 0.631250 0.907813 0.362500 
10 0.004687 0.106250 0.295312 0.583333 
10 0.390625 0.187500 0.256250 0.479167 
10 0.782813 0.183333 0.214062 0.754167 
