2 0.193359 0.212240 0.116211 0.436198 
2 0.568359 0.260417 0.088867 0.359375 
2 0.758789 0.234375 0.188477 0.757812 
6 0.473633 0.186198 0.099609 0.175781 
6 0.656250 0.194010 0.070312 0.205729 
6 0.746094 0.196615 0.075195 0.139323 
6 0.304688 0.195312 0.106445 0.161458 
6 0.237305 0.190104 0.069336 0.152344 
10 0.174805 0.158854 0.040039 0.075521 
10 0.252930 0.140625 0.051758 0.080729 
10 0.324219 0.134115 0.039062 0.065104 
10 0.413086 0.078125 0.077148 0.276042 
10 0.773438 0.127604 0.101562 0.130208 
11 0.541992 0.213542 0.106445 0.109375 
11 0.038086 0.483073 0.955078 0.489583 
