2 0.321875 0.747917 0.060937 0.160417 
2 0.389062 0.733333 0.050000 0.141667 
2 0.456250 0.637500 0.034375 0.075000 
2 0.515625 0.645833 0.026562 0.079167 
2 0.551562 0.650000 0.028125 0.083333 
2 0.634375 0.675000 0.034375 0.083333 
2 0.654687 0.731250 0.059375 0.108333 
2 0.721875 0.722917 0.056250 0.108333 
2 0.759375 0.787500 0.050000 0.129167 
2 0.804688 0.756250 0.046875 0.168750 
2 0.846875 0.777083 0.046875 0.127083 
2 0.920312 0.775000 0.045312 0.152083 
2 0.120313 0.727083 0.137500 0.145833 
