2 0.259115 0.484375 0.157552 0.342773 
2 0.656250 0.521484 0.167969 0.383789 
0 0.005208 0.353516 0.135417 0.118164 
7 0.940104 0.406250 0.050781 0.043945 
11 0.781250 0.423828 0.210938 0.304688 
7 0.394531 0.590820 0.131510 0.218750 
7 0.473958 0.647461 0.190104 0.327148 
11 0.007812 0.710938 0.983073 0.284180 
10 0.106771 0.295898 0.166667 0.288086 
10 0.121094 0.231445 0.477865 0.488281 
10 0.748698 0.357422 0.117188 0.060547 
10 0.936198 0.353516 0.057292 0.053711 
10 0.598958 0.253906 0.316406 0.423828 
