2 0.281250 0.512881 0.037500 0.175644 
7 0.337500 0.594848 0.028125 0.107728 
7 0.625000 0.580796 0.026562 0.046838 
6 0.025000 0.583138 0.350000 0.398126 
6 0.006250 0.763466 0.076563 0.220141 
6 0.456250 0.599532 0.323437 0.388759 
6 0.737500 0.580796 0.237500 0.400468 
11 0.281250 0.606557 0.439063 0.379391 
10 0.126562 0.414520 0.262500 0.564403 
10 0.293750 0.456674 0.125000 0.177986 
10 0.414062 0.435597 0.134375 0.498829 
10 0.554688 0.461358 0.142187 0.180328 
10 0.687500 0.384075 0.210938 0.583138 
