2 0.566667 0.404687 0.162500 0.325000 
2 0.393750 0.390625 0.116667 0.270313 
7 0.818750 0.542188 0.089583 0.107813 
7 0.577083 0.581250 0.152083 0.234375 
7 0.712500 0.582812 0.114583 0.159375 
10 0.456250 0.250000 0.156250 0.129688 
10 0.241667 0.343750 0.116667 0.098437 
10 0.335417 0.318750 0.195833 0.171875 
10 0.500000 0.343750 0.262500 0.203125 
10 0.581250 0.290625 0.391667 0.285938 
10 0.020833 0.010937 0.706250 0.975000 
7 0.866667 0.687500 0.129167 0.265625 
11 0.195833 0.465625 0.800000 0.529687 
