2 0.295312 0.591985 0.120313 0.402550 
2 0.417187 0.537341 0.090625 0.377049 
2 0.504687 0.524590 0.059375 0.284153 
2 0.584375 0.561020 0.062500 0.240437 
2 0.551562 0.486339 0.051562 0.178506 
2 0.590625 0.497268 0.050000 0.131148 
2 0.639062 0.455373 0.071875 0.098361 
7 0.675000 0.526412 0.032813 0.078324 
7 0.615625 0.701275 0.060937 0.189435 
7 0.550000 0.741348 0.071875 0.196721 
11 0.503125 0.489982 0.259375 0.122040 
11 0.089063 0.595628 0.668750 0.373406 
10 0.814063 0.528233 0.073438 0.367942 
10 0.779687 0.253188 0.145313 0.577413 
10 0.682813 0.333333 0.143750 0.404372 
10 0.604688 0.340619 0.060937 0.160291 
10 0.506250 0.311475 0.100000 0.182149 
10 0.453125 0.284153 0.095312 0.302368 
10 0.337500 0.213115 0.150000 0.395264 
10 0.078125 0.023679 0.257812 0.790528 
7 0.457813 0.428051 0.029687 0.080146 
