2 0.085938 0.493750 0.073438 0.279167 
2 0.148438 0.470833 0.065625 0.270833 
2 0.212500 0.504167 0.039062 0.177083 
7 0.321875 0.525000 0.051562 0.166667 
7 0.287500 0.560417 0.050000 0.202083 
7 0.237500 0.560417 0.067187 0.210417 
10 0.004687 0.325000 0.071875 0.262500 
10 0.095312 0.410417 0.134375 0.183333 
10 0.231250 0.414583 0.054688 0.108333 
10 0.267188 0.331250 0.250000 0.345833 
10 0.479687 0.347917 0.084375 0.179167 
11 0.025000 0.616667 0.435937 0.364583 
10 0.734375 0.410417 0.060937 0.154167 
10 0.331250 0.229167 0.432812 0.747917 
10 0.750000 0.237500 0.206250 0.747917 
6 0.909375 0.600000 0.087500 0.387500 
