2 0.344506 0.661738 0.054940 0.231631 
2 0.547883 0.641129 0.039315 0.220430 
2 0.579889 0.702957 0.040575 0.183244 
7 0.672631 0.772849 0.036038 0.079301 
11 0.266129 0.791667 0.592238 0.192652 
10 0.562248 0.442652 0.075353 0.370072 
10 0.514365 0.456093 0.076361 0.213262 
10 0.411542 0.397401 0.124244 0.403674 
10 0.346774 0.452061 0.075353 0.250896 
10 0.251260 0.444444 0.093498 0.341398 
10 0.169355 0.374552 0.084929 0.420699 
10 0.007056 0.361559 0.197329 0.613351 
10 0.623740 0.340950 0.124244 0.465950 
