2 0.355839 0.515775 0.058394 0.358025 
2 0.226277 0.621399 0.094891 0.323731 
2 0.183394 0.528121 0.067518 0.370370 
2 0.119526 0.548697 0.072080 0.345679 
2 0.024635 0.515775 0.101277 0.454047 
2 0.235401 0.489712 0.047445 0.187929 
2 0.283759 0.504801 0.051095 0.182442 
7 0.287409 0.672154 0.061131 0.205761 
11 0.004562 0.692730 0.428832 0.299040 
2 0.005474 0.496571 0.037409 0.196159 
10 0.005474 0.212620 0.251825 0.459534 
10 0.200730 0.401920 0.213504 0.333333 
10 0.400547 0.137174 0.594891 0.849108 
