2 0.344000 0.162667 0.080000 0.410667 
2 0.248000 0.168000 0.090000 0.400000 
2 0.164000 0.176000 0.088000 0.389333 
2 0.082000 0.173333 0.088000 0.392000 
2 0.004000 0.165333 0.078000 0.394667 
2 0.010000 0.634667 0.082000 0.346667 
2 0.092000 0.634667 0.080000 0.349333 
2 0.172000 0.632000 0.074000 0.354667 
2 0.246000 0.632000 0.072000 0.357333 
2 0.344000 0.637333 0.078000 0.349333 
2 0.420000 0.629333 0.082000 0.362667 
2 0.504000 0.637333 0.070000 0.357333 
2 0.574000 0.640000 0.080000 0.354667 
2 0.680000 0.637333 0.082000 0.360000 
2 0.760000 0.640000 0.078000 0.352000 
2 0.840000 0.632000 0.078000 0.362667 
2 0.918000 0.640000 0.074000 0.352000 
2 0.610000 0.146667 0.106000 0.424000 
2 0.720000 0.210667 0.088000 0.365333 
2 0.806000 0.194667 0.100000 0.386667 
2 0.904000 0.162667 0.092000 0.416000 
