2 0.082262 0.560000 0.156812 0.430000 
2 0.089974 0.498000 0.077121 0.162000 
2 0.200514 0.500000 0.061697 0.168000 
2 0.277635 0.486000 0.071979 0.180000 
2 0.272494 0.542000 0.125964 0.322000 
2 0.372751 0.494000 0.092545 0.180000 
2 0.411311 0.560000 0.128535 0.320000 
2 0.560411 0.482000 0.082262 0.192000 
2 0.650386 0.494000 0.069409 0.166000 
2 0.727506 0.474000 0.079692 0.200000 
2 0.802057 0.488000 0.077121 0.194000 
2 0.889460 0.474000 0.082262 0.196000 
2 0.544987 0.572000 0.113111 0.328000 
2 0.642674 0.580000 0.120823 0.342000 
2 0.776350 0.586000 0.156812 0.406000 
2 0.005141 0.466000 0.105398 0.432000 
2 0.115681 0.054000 0.280206 0.606000 
2 0.341902 0.042000 0.347044 0.618000 
2 0.699229 0.058000 0.262211 0.564000 
