2 0.014000 0.170667 0.092000 0.392000 
2 0.106000 0.272000 0.090000 0.309333 
2 0.186000 0.248000 0.098000 0.344000 
2 0.270000 0.285333 0.082000 0.341333 
2 0.350000 0.341333 0.086000 0.306667 
2 0.422000 0.330667 0.082000 0.338667 
2 0.482000 0.464000 0.096000 0.240000 
2 0.558000 0.434667 0.076000 0.280000 
2 0.620000 0.458667 0.068000 0.274667 
2 0.668000 0.474667 0.078000 0.272000 
2 0.732000 0.536000 0.064000 0.253333 
2 0.780000 0.570667 0.076000 0.232000 
2 0.838000 0.589333 0.064000 0.232000 
2 0.878000 0.616000 0.080000 0.208000 
2 0.932000 0.640000 0.064000 0.192000 
2 0.062000 0.770667 0.506000 0.213333 
