2 0.006944 0.727723 0.123611 0.264851 
2 0.118056 0.467822 0.025000 0.094059 
2 0.736111 0.306931 0.027778 0.153465 
2 0.777778 0.274752 0.027778 0.168317 
2 0.220833 0.450495 0.063889 0.099010 
2 0.252778 0.527228 0.068056 0.079208 
2 0.212500 0.601485 0.075000 0.076733 
2 0.300000 0.472772 0.059722 0.081683 
2 0.293056 0.601485 0.061111 0.056931 
2 0.337500 0.529703 0.056944 0.084158 
2 0.370833 0.467822 0.063889 0.076733 
2 0.372222 0.601485 0.059722 0.071782 
2 0.790278 0.527228 0.047222 0.079208 
7 0.077778 0.433168 0.047222 0.066832 
7 0.145833 0.495050 0.023611 0.056931 
7 0.169444 0.495050 0.020833 0.059406 
7 0.187500 0.497525 0.020833 0.061881 
11 0.020833 0.507426 0.209722 0.237624 
10 0.422222 0.232673 0.115278 0.623762 
