3 0.112760 0.275049 0.347181 0.347741 
3 0.228487 0.155206 0.317507 0.198428 
3 0.593472 0.108055 0.234421 0.178782 
3 0.418398 0.056974 0.272997 0.137525 
10 0.442136 0.469548 0.112760 0.117878 
10 0.786350 0.461690 0.062315 0.135560 
10 0.691395 0.485265 0.077151 0.139489 
10 0.492582 0.096267 0.059347 0.053045 
3 0.231454 0.007859 0.145401 0.096267 
3 0.154303 0.003929 0.091988 0.068762 
4 0.011869 0.070727 0.332344 0.186640 
4 0.501484 0.282908 0.201780 0.106090 
4 0.578635 0.243615 0.175074 0.078585 
4 0.545994 0.318271 0.272997 0.170923 
4 0.445104 0.577603 0.299703 0.202358 
4 0.255193 0.609037 0.409496 0.306483 
4 0.629080 0.015717 0.237389 0.102161 
