3 0.465625 0.437500 0.403125 0.272917 
10 0.926562 0.579167 0.042188 0.104167 
10 0.565625 0.485417 0.068750 0.175000 
10 0.565625 0.291667 0.104688 0.129167 
10 0.020313 0.577083 0.021875 0.097917 
10 0.045312 0.604167 0.021875 0.068750 
10 0.090625 0.556250 0.029687 0.118750 
10 0.139063 0.604167 0.031250 0.068750 
10 0.165625 0.556250 0.031250 0.120833 
10 0.201563 0.604167 0.021875 0.068750 
0 0.562500 0.556250 0.064062 0.145833 
4 0.296875 0.625000 0.048438 0.047917 
4 0.337500 0.583333 0.087500 0.100000 
