3 0.425573 0.045872 0.450382 0.400612 
10 0.473282 0.299694 0.062977 0.131498 
10 0.583969 0.290520 0.074427 0.229358 
10 0.513359 0.284404 0.120229 0.415902 
10 0.660305 0.290520 0.072519 0.235474 
10 0.776718 0.314985 0.112595 0.308869 
10 0.885496 0.290520 0.108779 0.617737 
10 0.652672 0.333333 0.192748 0.629969 
10 0.364504 0.299694 0.196565 0.480122 
10 0.341603 0.302752 0.057252 0.140673 
10 0.293893 0.275229 0.106870 0.342508 
10 0.227099 0.284404 0.118321 0.458716 
10 0.183206 0.269113 0.066794 0.183486 
10 0.103053 0.256881 0.051527 0.140673 
10 0.131679 0.302752 0.095420 0.388379 
10 0.007634 0.293578 0.108779 0.366972 
9 0.009542 0.437309 0.108779 0.262997 
9 0.112595 0.513761 0.085878 0.223242 
9 0.200382 0.428135 0.173664 0.339450 
9 0.375954 0.422018 0.179389 0.388379 
9 0.515267 0.418960 0.124046 0.284404 
9 0.624046 0.510703 0.089695 0.244648 
9 0.671756 0.547401 0.158397 0.409786 
9 0.856870 0.672783 0.139313 0.318043 
