3 0.128000 0.195195 0.808000 0.639640 
6 0.006000 0.666667 0.054000 0.153153 
6 0.064000 0.675676 0.076000 0.153153 
6 0.148000 0.675676 0.072000 0.141141 
6 0.220000 0.678679 0.064000 0.141141 
6 0.284000 0.675676 0.072000 0.153153 
6 0.358000 0.681682 0.094000 0.162162 
6 0.452000 0.693694 0.076000 0.150150 
11 0.514000 0.729730 0.120000 0.168168 
11 0.240000 0.708709 0.112000 0.117117 
10 0.324000 0.297297 0.054000 0.054054 
10 0.242000 0.306306 0.058000 0.054054 
10 0.422000 0.267267 0.046000 0.075075 
10 0.480000 0.267267 0.090000 0.075075 
10 0.588000 0.276276 0.062000 0.060060 
10 0.694000 0.249249 0.056000 0.081081 
10 0.624000 0.567568 0.072000 0.318318 
10 0.704000 0.573574 0.080000 0.324324 
