3 0.550342 0.501471 0.319648 0.355882 
3 0.011730 0.607353 0.111437 0.191176 
0 0.448680 0.750000 0.039101 0.072059 
10 0.397849 0.717647 0.029326 0.058824 
10 0.454545 0.720588 0.030303 0.070588 
10 0.435973 0.720588 0.013685 0.048529 
10 0.496579 0.716176 0.023460 0.076471 
10 0.347996 0.723529 0.019550 0.063235 
10 0.283480 0.727941 0.017595 0.039706 
10 0.542522 0.719118 0.020528 0.069118 
10 0.526882 0.711765 0.019550 0.089706 
4 0.209189 0.707353 0.088954 0.119118 
4 0.047898 0.705882 0.212121 0.252941 
4 0.824047 0.694118 0.172043 0.226471 
