3 0.581176 0.482861 0.180000 0.259314 
10 0.377647 0.725782 0.024706 0.081967 
10 0.410588 0.704918 0.023529 0.073025 
10 0.402353 0.755589 0.028235 0.086438 
10 0.430588 0.707899 0.020000 0.086438 
10 0.441176 0.766021 0.024706 0.076006 
10 0.495294 0.666170 0.021176 0.076006 
10 0.514118 0.670641 0.016471 0.086438 
10 0.554118 0.743666 0.030588 0.080477 
0 0.735294 0.529061 0.040000 0.044709 
10 0.730588 0.496274 0.043529 0.047690 
10 0.821176 0.487332 0.018824 0.049180 
10 0.810588 0.397914 0.021176 0.044709 
10 0.885882 0.330849 0.021176 0.038748 
10 0.788235 0.426230 0.020000 0.038748 
10 0.577647 0.560358 0.022353 0.059613 
4 0.941176 0.315946 0.036471 0.053651 
4 0.910588 0.351714 0.034118 0.046200 
4 0.875294 0.365127 0.055294 0.058122 
4 0.843529 0.402385 0.050588 0.058122 
4 0.909412 0.427720 0.048235 0.050671 
4 0.843529 0.582712 0.068235 0.093890 
4 0.763529 0.707899 0.080000 0.098361 
4 0.674118 0.810730 0.109412 0.104322 
4 0.375294 0.845007 0.120000 0.065574 
