6 0.340000 0.309333 0.062000 0.133333 
6 0.270000 0.378667 0.068000 0.144000 
6 0.298000 0.560000 0.084000 0.168000 
6 0.430000 0.464000 0.074000 0.149333 
6 0.456000 0.346667 0.068000 0.138667 
6 0.380000 0.832000 0.086000 0.165333 
6 0.468000 0.818667 0.084000 0.173333 
6 0.708000 0.325333 0.072000 0.114667 
6 0.720000 0.405333 0.060000 0.114667 
6 0.686000 0.442667 0.068000 0.128000 
6 0.616000 0.432000 0.074000 0.141333 
6 0.514000 0.632000 0.074000 0.154667 
6 0.562000 0.760000 0.096000 0.162667 
6 0.642000 0.698667 0.084000 0.160000 
6 0.704000 0.618667 0.074000 0.160000 
6 0.822000 0.517333 0.080000 0.130667 
6 0.822000 0.597333 0.084000 0.160000 
6 0.910000 0.674667 0.086000 0.181333 
