6 0.159180 0.484375 0.253906 0.356445 
7 0.526367 0.468750 0.033203 0.075195 
7 0.587891 0.460938 0.030273 0.083984 
7 0.620117 0.449219 0.037109 0.088867 
7 0.686523 0.448242 0.031250 0.076172 
7 0.712891 0.457031 0.033203 0.083008 
2 0.557617 0.397461 0.041016 0.147461 
2 0.591797 0.400391 0.032227 0.128906 
2 0.652344 0.416016 0.040039 0.115234 
11 0.504883 0.505859 0.262695 0.289062 
0 0.060547 0.336914 0.137695 0.173828 
4 0.458008 0.290039 0.095703 0.064453 
4 0.303711 0.296875 0.157227 0.106445 
