11 0.004000 0.602985 0.248000 0.197015 
11 0.618000 0.564179 0.216000 0.408955 
11 0.346000 0.513433 0.128000 0.107463 
10 0.200000 0.465672 0.064000 0.089552 
10 0.008000 0.376119 0.110000 0.200000 
10 0.258000 0.432836 0.084000 0.122388 
10 0.408000 0.453731 0.042000 0.077612 
10 0.432000 0.462687 0.050000 0.068657 
10 0.474000 0.450746 0.052000 0.089552 
10 0.530000 0.468657 0.058000 0.140299 
10 0.564000 0.444776 0.104000 0.149254 
10 0.620000 0.450746 0.060000 0.104478 
10 0.666000 0.468657 0.098000 0.125373 
10 0.762000 0.456716 0.060000 0.086567 
10 0.804000 0.477612 0.078000 0.140299 
10 0.848000 0.492537 0.066000 0.125373 
10 0.692000 0.420896 0.050000 0.083582 
6 0.214000 0.585075 0.200000 0.402985 
6 0.426000 0.510448 0.094000 0.343284 
6 0.544000 0.546269 0.130000 0.411940 
6 0.746000 0.585075 0.228000 0.394030 
