6 0.198437 0.666667 0.079687 0.155556 
6 0.285938 0.672222 0.089063 0.122222 
6 0.415625 0.677778 0.085938 0.161111 
6 0.521875 0.663889 0.092188 0.155556 
6 0.621875 0.663889 0.089063 0.161111 
6 0.748437 0.669444 0.056250 0.136111 
6 0.781250 0.663889 0.076563 0.158333 
6 0.915625 0.669444 0.081250 0.161111 
6 0.893750 0.663889 0.062500 0.155556 
10 0.110937 0.508333 0.054688 0.288889 
10 0.206250 0.580556 0.029687 0.097222 
10 0.192188 0.583333 0.081250 0.213889 
10 0.393750 0.550000 0.042188 0.111111 
10 0.523438 0.552778 0.042188 0.116667 
