11 0.364063 0.487500 0.312500 0.493750 
7 0.057813 0.439583 0.032813 0.052083 
7 0.170313 0.443750 0.037500 0.043750 
7 0.404687 0.422917 0.042188 0.087500 
7 0.370312 0.395833 0.045312 0.116667 
7 0.512500 0.393750 0.060937 0.133333 
7 0.603125 0.410417 0.050000 0.112500 
7 0.640625 0.404167 0.059375 0.122917 
7 0.867188 0.454167 0.028125 0.066667 
7 0.890625 0.445833 0.032813 0.079167 
2 0.878125 0.245833 0.032813 0.141667 
2 0.923438 0.352083 0.067187 0.112500 
2 0.820312 0.360417 0.059375 0.104167 
6 0.025000 0.477083 0.167187 0.379167 
6 0.170313 0.450000 0.114062 0.522917 
6 0.226562 0.431250 0.290625 0.581250 
6 0.576562 0.456250 0.242188 0.539583 
6 0.890625 0.479167 0.107813 0.375000 
