7 0.004000 0.474667 0.028000 0.074667 
7 0.076000 0.458667 0.032000 0.082667 
7 0.136000 0.464000 0.042000 0.069333 
7 0.166000 0.586667 0.052000 0.136000 
7 0.222000 0.634667 0.054000 0.165333 
7 0.364000 0.565333 0.048000 0.125333 
7 0.374000 0.610667 0.054000 0.141333 
7 0.526000 0.573333 0.042000 0.122667 
7 0.686000 0.538667 0.038000 0.098667 
7 0.756000 0.493333 0.034000 0.104000 
7 0.830000 0.496000 0.052000 0.096000 
7 0.916000 0.493333 0.044000 0.085333 
6 0.722000 0.568000 0.264000 0.421333 
11 0.014000 0.557333 0.898000 0.408000 
