7 0.626000 0.616000 0.078000 0.149333 
7 0.626000 0.554667 0.064000 0.082667 
7 0.524000 0.578667 0.050000 0.074667 
7 0.446000 0.584000 0.056000 0.114667 
7 0.392000 0.592000 0.052000 0.093333 
7 0.332000 0.797333 0.108000 0.197333 
7 0.264000 0.677333 0.080000 0.157333 
7 0.520000 0.682667 0.108000 0.234667 
2 0.334000 0.490667 0.064000 0.202667 
10 0.126000 0.280000 0.066000 0.160000 
10 0.044000 0.328000 0.238000 0.440000 
10 0.246000 0.338667 0.174000 0.344000 
10 0.408000 0.344000 0.172000 0.306667 
10 0.536000 0.304000 0.204000 0.346667 
10 0.692000 0.309333 0.248000 0.448000 
