2 0.545312 0.529167 0.039062 0.156250 
7 0.282813 0.597917 0.079687 0.210417 
7 0.373437 0.597917 0.085938 0.139583 
7 0.364063 0.718750 0.142187 0.277083 
7 0.845313 0.672917 0.129688 0.293750 
7 0.731250 0.552083 0.067187 0.150000 
7 0.645312 0.522917 0.059375 0.104167 
11 0.018750 0.300000 0.284375 0.535417 
11 0.270313 0.283333 0.246875 0.395833 
11 0.440625 0.385417 0.082812 0.168750 
11 0.548438 0.400000 0.067187 0.097917 
11 0.626563 0.385417 0.085938 0.131250 
11 0.756250 0.270833 0.228125 0.354167 
