4 0.003125 0.484778 0.195312 0.421546 
6 0.754687 0.608899 0.075000 0.168618 
6 0.625000 0.583138 0.065625 0.159251 
6 0.526563 0.576112 0.060937 0.128806 
6 0.371875 0.573770 0.051562 0.098361 
11 0.435937 0.578454 0.060937 0.159251 
11 0.693750 0.594848 0.060937 0.170960 
10 0.085938 0.449649 0.056250 0.079625 
10 0.160938 0.508197 0.045312 0.138173 
10 0.210938 0.491803 0.037500 0.142857 
10 0.212500 0.449649 0.093750 0.313817 
10 0.395313 0.508197 0.071875 0.126464 
10 0.471875 0.512881 0.067187 0.121780 
10 0.634375 0.510539 0.079687 0.255269 
10 0.684375 0.519906 0.035937 0.074941 
10 0.731250 0.519906 0.056250 0.088993 
10 0.717187 0.529274 0.112500 0.241218 
9 0.460938 0.585480 0.162500 0.412178 
9 0.281250 0.580796 0.157812 0.412178 
9 0.854688 0.519906 0.143750 0.470726 
