9 0.177734 0.515625 0.120117 0.149740 
9 0.575195 0.527344 0.197266 0.303385 
10 0.180664 0.434896 0.045898 0.149740 
10 0.235352 0.436198 0.055664 0.216146 
10 0.321289 0.429688 0.041992 0.151042 
10 0.355469 0.430990 0.045898 0.171875 
10 0.407227 0.442708 0.037109 0.144531 
10 0.424805 0.385417 0.074219 0.303385 
10 0.468750 0.444010 0.105469 0.343750 
10 0.559570 0.432292 0.032227 0.139323 
10 0.580078 0.420573 0.128906 0.264323 
10 0.713867 0.411458 0.131836 0.500000 
10 0.820312 0.373698 0.153320 0.589844 
