0 0.531250 0.631250 0.196875 0.239583 
0 0.910937 0.606250 0.084375 0.193750 
9 0.673438 0.725000 0.268750 0.270833 
9 0.009375 0.502083 0.109375 0.250000 
10 0.806250 0.495833 0.068750 0.270833 
10 0.890625 0.445833 0.029687 0.216667 
10 0.931250 0.479167 0.048438 0.162500 
10 0.681250 0.508333 0.064062 0.129167 
10 0.548438 0.435417 0.046875 0.181250 
10 0.503125 0.425000 0.065625 0.262500 
10 0.460938 0.437500 0.068750 0.260417 
10 0.376563 0.429167 0.046875 0.195833 
10 0.406250 0.429167 0.045312 0.197917 
10 0.453125 0.418750 0.031250 0.141667 
10 0.314063 0.425000 0.054688 0.168750 
10 0.264062 0.412500 0.067187 0.179167 
10 0.187500 0.408333 0.054688 0.104167 
10 0.200000 0.258333 0.057813 0.087500 
2 0.151562 0.004167 0.164062 0.220833 
2 0.442188 0.029167 0.117188 0.227083 
11 0.223438 0.543750 0.112500 0.079167 
11 0.132812 0.591667 0.271875 0.268750 
11 0.607812 0.537500 0.121875 0.100000 
