9 0.202756 0.653846 0.202756 0.319527 
9 0.458661 0.713018 0.326772 0.257396 
10 0.503937 0.505917 0.188976 0.452663 
10 0.212598 0.502959 0.143701 0.411243 
10 0.694882 0.423077 0.078740 0.319527 
10 0.779528 0.286982 0.074803 0.263314 
10 0.838583 0.346154 0.070866 0.192308 
10 0.909449 0.349112 0.061024 0.127219 
10 0.498031 0.467456 0.074803 0.245562 
10 0.431102 0.461538 0.059055 0.266272 
10 0.368110 0.467456 0.064961 0.248521 
10 0.102362 0.488166 0.059055 0.207101 
10 0.171260 0.488166 0.041339 0.186391 
10 0.013780 0.523669 0.041339 0.115385 
