3 0.800805 0.167630 0.191147 0.358382 
6 0.024145 0.653179 0.152918 0.196532 
2 0.406439 0.491329 0.024145 0.066474 
9 0.651911 0.390173 0.177062 0.182081 
10 0.331992 0.320809 0.062374 0.245665 
10 0.279678 0.309249 0.048290 0.190751 
10 0.060362 0.511561 0.154930 0.317919 
10 0.410463 0.312139 0.042254 0.234104 
10 0.428571 0.315029 0.058350 0.291908 
10 0.621730 0.315029 0.044266 0.121387 
10 0.676056 0.312139 0.046278 0.153179 
10 0.714286 0.315029 0.046278 0.179191 
10 0.742455 0.326590 0.056338 0.251445 
