10 0.251563 0.579167 0.065625 0.139583 
10 0.268750 0.547917 0.057813 0.056250 
10 0.314063 0.575000 0.046875 0.068750 
10 0.329688 0.591667 0.056250 0.095833 
10 0.356250 0.558333 0.032813 0.064583 
10 0.439063 0.545833 0.040625 0.060417 
10 0.604688 0.537500 0.037500 0.043750 
10 0.635938 0.506250 0.026562 0.072917 
10 0.662500 0.533333 0.040625 0.058333 
11 0.584375 0.647917 0.085938 0.100000 
11 0.451562 0.643750 0.085938 0.097917 
11 0.531250 0.604167 0.068750 0.029167 
6 0.526563 0.650000 0.100000 0.160417 
6 0.406250 0.650000 0.106250 0.133333 
6 0.676562 0.620833 0.071875 0.125000 
9 0.173437 0.639583 0.273438 0.347917 
10 0.728125 0.583333 0.050000 0.070833 
10 0.776563 0.556250 0.026562 0.066667 
10 0.807813 0.566667 0.048438 0.052083 
4 0.940625 0.533333 0.051562 0.064583 
