10 0.190625 0.379391 0.085938 0.278689 
10 0.298438 0.393443 0.056250 0.229508 
10 0.348438 0.416862 0.075000 0.126464 
10 0.514062 0.409836 0.037500 0.124122 
10 0.581250 0.414520 0.028125 0.105386 
10 0.600000 0.421546 0.045312 0.091335 
10 0.642188 0.423888 0.040625 0.084309 
10 0.714063 0.419204 0.034375 0.074941 
10 0.745313 0.412178 0.037500 0.084309 
9 0.759375 0.449649 0.181250 0.124122 
9 0.642188 0.454333 0.151562 0.154567 
9 0.551562 0.449649 0.125000 0.177986 
9 0.368750 0.482436 0.217188 0.177986 
9 0.121875 0.531616 0.198437 0.175644 
10 0.128125 0.388759 0.062500 0.194379 
