10 0.054688 0.378824 0.053125 0.103529 
10 0.012500 0.428235 0.101562 0.155294 
10 0.123438 0.404706 0.092188 0.105882 
10 0.184375 0.381176 0.042188 0.080000 
10 0.332813 0.388235 0.043750 0.178824 
10 0.368750 0.392941 0.043750 0.183529 
10 0.614062 0.390588 0.040625 0.138824 
10 0.576562 0.376471 0.035937 0.063529 
10 0.532813 0.388235 0.042188 0.129412 
10 0.764062 0.383529 0.034375 0.098824 
10 0.812500 0.397647 0.032813 0.188235 
10 0.896875 0.400000 0.046875 0.065882 
10 0.395313 0.440000 0.153125 0.287059 
10 0.095312 0.409412 0.264062 0.581176 
10 0.460938 0.428235 0.248438 0.562353 
10 0.689063 0.392941 0.117188 0.272941 
9 0.690625 0.463529 0.093750 0.230588 
9 0.425000 0.496471 0.120313 0.284706 
9 0.489063 0.583529 0.228125 0.407059 
9 0.025000 0.534118 0.354687 0.440000 
9 0.818750 0.442353 0.176563 0.272941 
