10 0.015625 0.436620 0.068750 0.281690 
10 0.682813 0.413146 0.018750 0.110329 
10 0.853125 0.413146 0.028125 0.096244 
10 0.743750 0.410798 0.053125 0.150235 
10 0.810937 0.410798 0.021875 0.084507 
10 0.792188 0.401408 0.023438 0.082160 
10 0.325000 0.429577 0.032813 0.063380 
10 0.481250 0.455399 0.028125 0.049296 
9 0.525000 0.460094 0.073438 0.089202 
9 0.581250 0.446009 0.070312 0.093897 
9 0.789062 0.438967 0.032813 0.075117 
9 0.850000 0.441315 0.032813 0.089202 
9 0.735938 0.453052 0.060937 0.166667 
9 0.967187 0.441315 0.031250 0.068075 
