10 0.250000 0.327059 0.093750 0.458824 
10 0.354687 0.291765 0.114062 0.362353 
10 0.525000 0.414118 0.173437 0.567059 
10 0.478125 0.425882 0.051562 0.075294 
10 0.654687 0.395294 0.029687 0.131765 
10 0.673438 0.388235 0.045312 0.157647 
10 0.704688 0.404706 0.032813 0.089412 
10 0.743750 0.388235 0.045312 0.157647 
10 0.785937 0.362353 0.062500 0.214118 
10 0.828125 0.383529 0.062500 0.185882 
10 0.943750 0.362353 0.048438 0.228235 
10 0.007812 0.395294 0.039062 0.214118 
10 0.042188 0.397647 0.042188 0.178824 
10 0.070312 0.416471 0.065625 0.157647 
10 0.112500 0.400000 0.035937 0.160000 
10 0.139063 0.416471 0.040625 0.136471 
10 0.181250 0.404706 0.028125 0.098824 
10 0.206250 0.414118 0.034375 0.108235 
9 0.145313 0.475294 0.109375 0.270588 
9 0.004687 0.534118 0.171875 0.440000 
9 0.275000 0.592941 0.479687 0.402353 
9 0.679688 0.496471 0.206250 0.270588 
9 0.907813 0.543529 0.087500 0.404706 
