2 0.495312 0.052265 0.089063 0.092334 
2 0.654687 0.055749 0.042188 0.088850 
2 0.728125 0.067944 0.043750 0.080139 
2 0.482812 0.160279 0.281250 0.080139 
2 0.390625 0.081882 0.051562 0.059233 
2 0.335938 0.151568 0.153125 0.144599 
10 0.346875 0.296167 0.143750 0.174216 
10 0.457813 0.270035 0.118750 0.182927 
10 0.610938 0.268293 0.078125 0.139373 
10 0.693750 0.238676 0.110937 0.252613 
10 0.806250 0.414634 0.128125 0.162021 
10 0.673438 0.414634 0.117188 0.165505 
10 0.614062 0.423345 0.150000 0.120209 
10 0.935937 0.402439 0.060937 0.121951 
10 0.246875 0.388502 0.154688 0.181185 
10 0.420312 0.412892 0.150000 0.170732 
10 0.017188 0.383275 0.132812 0.196864 
7 0.157812 0.458188 0.043750 0.108014 
7 0.882812 0.454704 0.037500 0.116725 
9 0.114062 0.498258 0.625000 0.479094 
9 0.460938 0.482578 0.531250 0.482578 
