4 0.431250 0.629167 0.087500 0.075000 
4 0.684375 0.614583 0.073438 0.079167 
4 0.750000 0.604167 0.092188 0.114583 
10 0.859375 0.614583 0.037500 0.129167 
10 0.592187 0.616667 0.060937 0.112500 
10 0.604688 0.614583 0.095312 0.289583 
10 0.300000 0.618750 0.076563 0.160417 
10 0.220312 0.620833 0.057813 0.131250 
10 0.014063 0.610417 0.059375 0.172917 
9 0.003125 0.681250 0.062500 0.141667 
9 0.200000 0.666667 0.087500 0.122917 
9 0.298438 0.672917 0.095312 0.154167 
9 0.382812 0.643750 0.043750 0.077083 
9 0.545312 0.681250 0.075000 0.108333 
9 0.545312 0.712500 0.196875 0.189583 
4 0.571875 0.625000 0.050000 0.052083 
