10 0.224000 0.266667 0.056000 0.144000 
10 0.262000 0.242667 0.074000 0.248000 
10 0.330000 0.229333 0.056000 0.221333 
10 0.420000 0.237333 0.058000 0.226667 
10 0.554000 0.224000 0.112000 0.213333 
10 0.752000 0.189333 0.082000 0.253333 
10 0.838000 0.242667 0.094000 0.221333 
9 0.016000 0.360000 0.126000 0.120000 
9 0.104000 0.386667 0.136000 0.144000 
9 0.208000 0.402667 0.194000 0.194667 
9 0.352000 0.384000 0.196000 0.242667 
9 0.490000 0.416000 0.126000 0.266667 
9 0.584000 0.426667 0.156000 0.288000 
9 0.702000 0.357333 0.138000 0.389333 
9 0.762000 0.288000 0.230000 0.573333 
