10 0.345313 0.607292 0.017188 0.083333 
10 0.358594 0.623958 0.020313 0.064583 
10 0.438281 0.603125 0.022656 0.068750 
10 0.515625 0.606250 0.033594 0.067708 
10 0.551562 0.610417 0.019531 0.066667 
10 0.578125 0.616667 0.024219 0.051042 
10 0.808594 0.583333 0.030469 0.063542 
10 0.889062 0.597917 0.034375 0.052083 
10 0.836719 0.610417 0.018750 0.036458 
9 0.004687 0.658333 0.093750 0.227083 
9 0.068750 0.633333 0.135937 0.272917 
9 0.154688 0.636458 0.168750 0.285417 
9 0.329688 0.672917 0.153906 0.256250 
9 0.592187 0.631250 0.073438 0.067708 
9 0.664844 0.607292 0.039062 0.085417 
9 0.471875 0.668750 0.185156 0.290625 
9 0.681250 0.617708 0.197656 0.357292 
9 0.894531 0.631250 0.103125 0.078125 
