9 0.495833 0.264925 0.038021 0.146455 
9 0.570312 0.227612 0.123958 0.141791 
9 0.554167 0.305970 0.109375 0.118470 
9 0.495833 0.412313 0.164583 0.141791 
9 0.457292 0.494403 0.170313 0.176306 
9 0.425000 0.615672 0.196875 0.174440 
10 0.503646 0.228545 0.050521 0.152985 
4 0.764583 0.195896 0.084375 0.172575 
4 0.751042 0.328358 0.121354 0.254664 
4 0.683333 0.655784 0.197396 0.326493 
4 0.882812 0.524254 0.106771 0.197761 
4 0.885938 0.402985 0.106250 0.129664 
11 0.130729 0.557836 0.138021 0.204291 
11 0.317708 0.320896 0.111458 0.251866 
11 0.432292 0.209888 0.070833 0.152985 
