9 0.168235 0.536232 0.170588 0.281804 
9 0.017647 0.494364 0.348235 0.478261 
9 0.292941 0.521739 0.197647 0.363929 
9 0.417647 0.502415 0.238824 0.444444 
9 0.592941 0.421900 0.267059 0.561997 
9 0.828235 0.441224 0.160000 0.483092 
9 0.461176 0.328502 0.072941 0.172303 
10 0.294118 0.280193 0.114118 0.227053 
10 0.476471 0.309179 0.056471 0.165862 
10 0.511765 0.273752 0.052941 0.095008 
10 0.441176 0.299517 0.036471 0.072464 
10 0.468235 0.280193 0.043529 0.053140 
10 0.897647 0.165862 0.023529 0.101449 
10 0.917647 0.177134 0.028235 0.086957 
10 0.935294 0.165862 0.030588 0.093398 
10 0.956471 0.154589 0.027059 0.101449 
10 0.980000 0.146538 0.018824 0.111111 
10 0.735294 0.212560 0.017647 0.035427 
10 0.784706 0.194847 0.020000 0.038647 
10 0.812941 0.201288 0.029412 0.051530 
