4 0.695833 0.495336 0.200521 0.478545 
4 0.783854 0.138060 0.121354 0.268657 
4 0.803646 0.032649 0.084896 0.129664 
9 0.597396 0.022388 0.133333 0.168843 
9 0.566667 0.109142 0.131250 0.125933 
9 0.518229 0.216418 0.168229 0.152052 
9 0.482812 0.325560 0.170313 0.159515 
9 0.444271 0.423507 0.195312 0.176306 
9 0.147917 0.563433 0.188542 0.265858 
10 0.192708 0.504664 0.095833 0.324627 
11 0.455208 0.022388 0.068750 0.142724 
11 0.346875 0.135261 0.110417 0.235075 
11 0.172396 0.355410 0.127083 0.194030 
