10 0.264000 0.280000 0.078000 0.250667 
10 0.318000 0.314667 0.078000 0.176000 
10 0.382000 0.149333 0.314000 0.405333 
10 0.598000 0.296000 0.114000 0.242667 
10 0.824000 0.277333 0.072000 0.189333 
10 0.008000 0.309333 0.090000 0.346667 
10 0.046000 0.448000 0.220000 0.400000 
10 0.272000 0.442667 0.222000 0.288000 
10 0.468000 0.397333 0.258000 0.352000 
10 0.684000 0.410667 0.208000 0.549333 
7 0.496000 0.482667 0.046000 0.088000 
7 0.646000 0.736000 0.050000 0.112000 
7 0.564000 0.781333 0.060000 0.096000 
7 0.442000 0.829333 0.064000 0.122667 
7 0.264000 0.792000 0.058000 0.098667 
7 0.184000 0.752000 0.054000 0.082667 
7 0.212000 0.690667 0.044000 0.098667 
2 0.350000 0.616000 0.046000 0.109333 
2 0.396000 0.642667 0.038000 0.125333 
2 0.958000 0.530667 0.038000 0.109333 
7 0.902000 0.554667 0.028000 0.074667 
6 0.156000 0.400000 0.072000 0.178667 
11 0.100000 0.693333 0.646000 0.285333 
