10 0.169424 0.301471 0.096507 0.148693 
10 0.294730 0.292892 0.075368 0.482843 
10 0.397672 0.325572 0.058517 0.420343 
10 0.349877 0.308415 0.063725 0.468546 
10 0.443321 0.336601 0.073223 0.379493 
10 0.486826 0.283088 0.061581 0.133170 
10 0.511336 0.315359 0.095588 0.445670 
10 0.550551 0.333742 0.123162 0.489788 
10 0.617341 0.323938 0.086091 0.099265 
10 0.643995 0.305556 0.146446 0.517974 
10 0.704657 0.380719 0.128370 0.583333 
10 0.227941 0.330882 0.102022 0.489788 
10 0.139706 0.363562 0.114583 0.484069 
10 0.055760 0.346814 0.114583 0.522467 
