6 0.115234 0.695312 0.138672 0.186198 
6 0.222656 0.628906 0.050781 0.070312 
6 0.386719 0.619792 0.082031 0.121094 
6 0.327148 0.667969 0.093750 0.169271 
6 0.292969 0.694010 0.104492 0.204427 
6 0.367188 0.809896 0.043945 0.183594 
6 0.517578 0.614583 0.082031 0.117188 
6 0.524414 0.688802 0.090820 0.179688 
6 0.520508 0.789062 0.145508 0.195312 
6 0.717773 0.691406 0.104492 0.121094 
11 0.007812 0.813802 0.184570 0.178385 
11 0.200195 0.652344 0.144531 0.256510 
11 0.325195 0.614583 0.068359 0.125000 
11 0.462891 0.604167 0.066406 0.078125 
11 0.432617 0.665365 0.108398 0.141927 
11 0.586914 0.596354 0.075195 0.111979 
11 0.717773 0.596354 0.076172 0.152344 
11 0.619141 0.662760 0.135742 0.242188 
11 0.395508 0.781250 0.155273 0.217448 
11 0.683594 0.777344 0.256836 0.213542 
11 0.801758 0.641927 0.160156 0.169271 
