7 0.406464 0.418033 0.046033 0.040984 
7 0.447600 0.427596 0.033301 0.066940 
7 0.440744 0.348361 0.027424 0.034153 
7 0.441724 0.318306 0.021548 0.036885 
7 0.522037 0.460383 0.037218 0.060109 
7 0.490695 0.418033 0.040157 0.065574 
7 0.431929 0.482240 0.049951 0.066940 
7 0.550441 0.778689 0.081293 0.166667 
6 0.352595 0.318306 0.098923 0.136612 
6 0.289912 0.290984 0.086190 0.148907 
6 0.270323 0.330601 0.115573 0.265027 
6 0.142018 0.396175 0.189030 0.349727 
6 0.075416 0.448087 0.216454 0.306011 
6 0.116552 0.528689 0.153771 0.383880 
6 0.546523 0.310109 0.071499 0.142077 
6 0.592556 0.342896 0.093046 0.170765 
6 0.535749 0.408470 0.185113 0.325137 
6 0.630754 0.461749 0.202742 0.282787 
6 0.725759 0.519126 0.205681 0.325137 
6 0.693438 0.322404 0.083252 0.105191 
6 0.710088 0.360656 0.106758 0.218579 
6 0.773751 0.367486 0.127326 0.188525 
7 0.821743 0.312842 0.020568 0.039617 
7 0.906954 0.375683 0.027424 0.057377 
11 0.695397 0.321038 0.240940 0.118852 
11 0.388834 0.274590 0.125367 0.065574 
11 0.391773 0.331967 0.187071 0.088798 
11 0.338883 0.422131 0.368266 0.303279 
11 0.165524 0.714481 0.672870 0.284153 
