6 0.053125 0.644028 0.100000 0.206089 
6 0.182812 0.672131 0.087500 0.201405 
6 0.435937 0.723653 0.112500 0.227166 
6 0.364063 0.688525 0.098437 0.220141 
6 0.542188 0.686183 0.095312 0.245902 
10 0.235937 0.456674 0.096875 0.215457 
10 0.110937 0.447307 0.045312 0.084309 
10 0.303125 0.482436 0.040625 0.063232 
10 0.346875 0.470726 0.045312 0.081967 
10 0.318750 0.552693 0.114062 0.180328 
10 0.489063 0.512881 0.054688 0.091335 
10 0.396875 0.536300 0.087500 0.142857 
10 0.657813 0.496487 0.053125 0.086651 
10 0.712500 0.489461 0.029687 0.081967 
10 0.731250 0.505855 0.040625 0.091335 
10 0.778125 0.508197 0.032813 0.051522 
10 0.815625 0.501171 0.045312 0.053864 
11 0.420312 0.690867 0.193750 0.238876 
11 0.609375 0.620609 0.112500 0.119438 
11 0.073438 0.641686 0.157812 0.180328 
10 0.065625 0.461358 0.046875 0.081967 
10 0.095312 0.238876 0.034375 0.135831 
10 0.118750 0.238876 0.051562 0.121780 
