11 0.012500 0.608333 0.148438 0.093750 
11 0.281250 0.520833 0.132812 0.060417 
11 0.440625 0.493750 0.095312 0.043750 
11 0.539062 0.462500 0.084375 0.041667 
11 0.809375 0.541667 0.131250 0.064583 
11 0.681250 0.641667 0.221875 0.104167 
11 0.440625 0.879167 0.414062 0.120833 
6 0.042188 0.566667 0.179688 0.258333 
6 0.009375 0.689583 0.190625 0.293750 
6 0.196875 0.568750 0.168750 0.285417 
6 0.317188 0.572917 0.137500 0.214583 
6 0.412500 0.514583 0.118750 0.200000 
6 0.521875 0.489583 0.087500 0.143750 
