10 0.280000 0.610667 0.092000 0.181333 
10 0.378000 0.610667 0.114000 0.202667 
10 0.548000 0.616000 0.106000 0.189333 
2 0.086000 0.762667 0.036000 0.077333 
6 0.120000 0.832000 0.174000 0.165333 
6 0.184000 0.717333 0.096000 0.136000 
6 0.260000 0.701333 0.100000 0.194667 
6 0.370000 0.829333 0.156000 0.154667 
6 0.624000 0.717333 0.098000 0.173333 
6 0.676000 0.685333 0.106000 0.197333 
6 0.764000 0.704000 0.090000 0.096000 
6 0.690000 0.776000 0.182000 0.184000 
6 0.832000 0.744000 0.122000 0.210667 
11 0.396000 0.781333 0.184000 0.210667 
6 0.508000 0.757333 0.112000 0.224000 
11 0.002000 0.792000 0.168000 0.136000 
11 0.052000 0.706667 0.146000 0.088000 
