6 0.008000 0.570571 0.080000 0.195195 
6 0.056000 0.654655 0.090000 0.153153 
6 0.126000 0.693694 0.094000 0.183183 
6 0.180000 0.735736 0.156000 0.165165 
6 0.344000 0.660661 0.194000 0.336336 
6 0.620000 0.687688 0.200000 0.309309 
6 0.542000 0.576577 0.112000 0.177177 
6 0.640000 0.579580 0.126000 0.192192 
11 0.160000 0.558559 0.644000 0.171171 
11 0.112000 0.624625 0.580000 0.303303 
11 0.018000 0.840841 0.446000 0.153153 
11 0.878000 0.606607 0.124000 0.204204 
11 0.894000 0.729730 0.108000 0.243243 
