6 0.831643 0.664653 0.135903 0.223565 
6 0.720081 0.767372 0.182556 0.208459 
6 0.393509 0.703927 0.107505 0.126888 
6 0.316430 0.667674 0.087221 0.184290 
6 0.486815 0.640483 0.109533 0.184290 
6 0.344828 0.848943 0.148073 0.123867 
6 0.093306 0.737160 0.101420 0.184290 
11 0.101420 0.694864 0.277890 0.193353 
11 0.340771 0.643505 0.212982 0.163142 
11 0.486815 0.616314 0.210953 0.151057 
11 0.354970 0.791541 0.444219 0.202417 
11 0.604462 0.706949 0.348884 0.268882 
11 0.813387 0.637462 0.184584 0.132931 
