2 0.346875 0.587822 0.042188 0.152225 
2 0.585938 0.559719 0.023438 0.091335 
6 0.435937 0.721311 0.235937 0.264637 
6 0.346875 0.634660 0.179688 0.348946 
6 0.595313 0.620609 0.160938 0.360656 
6 0.656250 0.615925 0.128125 0.360656 
6 0.045312 0.714286 0.303125 0.283372 
6 0.054688 0.634660 0.217188 0.306792 
11 0.118750 0.669789 0.428125 0.299766 
11 0.476562 0.604215 0.270313 0.302108 
10 0.006250 0.391101 0.051562 0.185012 
7 0.053125 0.543326 0.031250 0.086651 
10 0.104688 0.372365 0.181250 0.281030 
10 0.289062 0.470726 0.084375 0.119438 
10 0.454688 0.480094 0.053125 0.131148 
10 0.554688 0.475410 0.090625 0.121780 
10 0.515625 0.480094 0.032813 0.084309 
10 0.373437 0.487119 0.045312 0.081967 
