7 0.520312 0.539583 0.039062 0.102083 
7 0.543750 0.506250 0.021875 0.114583 
7 0.571875 0.537500 0.035937 0.102083 
11 0.128125 0.500000 0.096875 0.166667 
11 0.237500 0.543750 0.114062 0.202083 
11 0.393750 0.579167 0.245312 0.256250 
6 0.006250 0.539583 0.101562 0.327083 
6 0.315625 0.541667 0.160938 0.291667 
6 0.879687 0.539583 0.118750 0.185417 
10 0.060937 0.377083 0.110937 0.270833 
10 0.187500 0.333333 0.117188 0.358333 
10 0.310937 0.333333 0.100000 0.160417 
10 0.320312 0.456250 0.120313 0.218750 
10 0.429688 0.350000 0.079687 0.131250 
10 0.846875 0.462500 0.037500 0.062500 
10 0.862500 0.456250 0.060937 0.095833 
10 0.895312 0.460417 0.089063 0.110417 
10 0.460938 0.235417 0.487500 0.756250 
