7 0.246000 0.631420 0.036000 0.096677 
7 0.214000 0.688822 0.058000 0.148036 
7 0.350000 0.622356 0.044000 0.099698 
7 0.372000 0.679758 0.040000 0.084592 
2 0.784000 0.652568 0.044000 0.081571 
7 0.082000 0.561934 0.070000 0.057402 
1 0.370000 0.383686 0.472000 0.178248 
10 0.204000 0.528701 0.086000 0.090634 
10 0.572000 0.534743 0.056000 0.075529 
10 0.612000 0.519637 0.088000 0.093656 
10 0.702000 0.543807 0.062000 0.075529 
6 0.066000 0.676737 0.192000 0.247734 
6 0.002000 0.752266 0.266000 0.247734 
6 0.396000 0.709970 0.200000 0.232628 
6 0.328000 0.755287 0.252000 0.244713 
6 0.662000 0.691843 0.108000 0.148036 
6 0.766000 0.667674 0.166000 0.305136 
11 0.064000 0.664653 0.484000 0.220544 
