11 0.064000 0.665672 0.192000 0.170149 
11 0.348000 0.752239 0.632000 0.226866 
2 0.774000 0.471642 0.056000 0.101493 
6 0.724000 0.597015 0.148000 0.164179 
10 0.266000 0.486567 0.082000 0.095522 
10 0.170000 0.498507 0.104000 0.176119 
10 0.108000 0.492537 0.054000 0.134328 
10 0.312000 0.519403 0.094000 0.241791 
10 0.488000 0.492537 0.058000 0.208955 
10 0.420000 0.495522 0.096000 0.265672 
10 0.534000 0.498507 0.116000 0.232836 
10 0.668000 0.456716 0.092000 0.265672 
10 0.586000 0.420896 0.056000 0.149254 
10 0.506000 0.420896 0.050000 0.131343 
10 0.456000 0.402985 0.052000 0.143284 
10 0.390000 0.402985 0.068000 0.143284 
