11 0.270000 0.678571 0.212500 0.304511 
11 0.501250 0.605263 0.125000 0.174812 
10 0.865000 0.515038 0.022500 0.082707 
10 0.893750 0.528195 0.030000 0.101504 
10 0.923750 0.522556 0.035000 0.103383 
10 0.121250 0.520677 0.028750 0.077068 
10 0.121250 0.545113 0.061250 0.112782 
10 0.168750 0.522556 0.032500 0.084586 
10 0.213750 0.537594 0.040000 0.114662 
10 0.255000 0.533835 0.025000 0.090226 
9 0.823750 0.701128 0.170000 0.287594 
9 0.793750 0.548872 0.081250 0.092105 
4 0.608750 0.530075 0.090000 0.152256 
4 0.957500 0.530075 0.040000 0.084586 
