7 0.371094 0.448611 0.030469 0.048611 
7 0.335156 0.438889 0.042188 0.068056 
7 0.276562 0.431944 0.062500 0.079167 
7 0.509375 0.456944 0.035937 0.040278 
7 0.541406 0.459722 0.032031 0.040278 
7 0.561719 0.456944 0.041406 0.048611 
7 0.604688 0.443056 0.050781 0.066667 
11 0.122656 0.475000 0.737500 0.511111 
10 0.174219 0.190278 0.262500 0.598611 
10 0.080469 0.047222 0.277344 0.830556 
10 0.006250 0.012500 0.292969 0.962500 
10 0.532813 0.283333 0.092188 0.188889 
10 0.622656 0.180556 0.089063 0.279167 
10 0.551562 0.097222 0.280469 0.825000 
10 0.667969 0.009722 0.322656 0.952778 
10 0.396875 0.176389 0.111719 0.543056 
