0 0.057617 0.709635 0.312500 0.196615 
0 0.391602 0.662760 0.223633 0.144531 
0 0.624023 0.632812 0.135742 0.125000 
10 0.084961 0.593750 0.057617 0.230469 
10 0.131836 0.626302 0.099609 0.186198 
10 0.224609 0.575521 0.034180 0.092448 
10 0.230469 0.595052 0.130859 0.270833 
10 0.413086 0.591146 0.063477 0.151042 
10 0.472656 0.597656 0.063477 0.173177 
10 0.537109 0.595052 0.061523 0.162760 
10 0.620117 0.585938 0.069336 0.162760 
10 0.662109 0.570312 0.049805 0.109375 
10 0.714844 0.571615 0.043945 0.088542 
0 0.809570 0.621094 0.037109 0.059896 
0 0.767578 0.615885 0.026367 0.067708 
0 0.868164 0.587240 0.045898 0.063802 
0 0.941406 0.597656 0.039062 0.046875 
