0 0.226562 0.275000 0.232813 0.458333 
0 0.557813 0.258333 0.123438 0.144444 
0 0.712500 0.244444 0.112500 0.150000 
3 0.845313 0.133333 0.150000 0.219444 
10 0.196875 0.166667 0.071875 0.091667 
10 0.257812 0.183333 0.075000 0.186111 
10 0.325000 0.183333 0.042188 0.152778 
10 0.364063 0.180556 0.060937 0.197222 
10 0.429688 0.180556 0.025000 0.127778 
10 0.496875 0.186111 0.048438 0.150000 
10 0.590625 0.169444 0.056250 0.133333 
10 0.750000 0.175000 0.040625 0.191667 
10 0.815625 0.144444 0.045312 0.250000 
10 0.382812 0.288889 0.176563 0.413889 
