2 0.085417 0.006250 0.070833 0.092188 
2 0.166667 0.004687 0.052083 0.095312 
2 0.262500 0.028125 0.047917 0.089063 
2 0.310417 0.004687 0.039583 0.096875 
2 0.343750 0.007812 0.058333 0.101562 
2 0.427083 0.059375 0.050000 0.082812 
2 0.477083 0.028125 0.062500 0.135937 
2 0.547917 0.023438 0.062500 0.143750 
2 0.600000 0.068750 0.041667 0.109375 
2 0.647917 0.101562 0.041667 0.079687 
2 0.691667 0.107813 0.045833 0.084375 
2 0.743750 0.132812 0.037500 0.065625 
2 0.810417 0.135937 0.045833 0.073438 
2 0.862500 0.142187 0.041667 0.068750 
2 0.522917 0.218750 0.056250 0.098437 
2 0.612500 0.210938 0.054167 0.093750 
2 0.056250 0.179688 0.097917 0.125000 
2 0.079167 0.306250 0.160417 0.114062 
2 0.958333 0.325000 0.041667 0.079687 
2 0.920833 0.578125 0.072917 0.140625 
2 0.822917 0.425000 0.039583 0.087500 
2 0.450000 0.567187 0.100000 0.170313 
7 0.618750 0.346875 0.091667 0.051562 
7 0.722917 0.348438 0.058333 0.045312 
7 0.675000 0.403125 0.114583 0.068750 
7 0.720833 0.634375 0.164583 0.268750 
10 0.064583 0.207813 0.541667 0.659375 
