3 0.195266 0.289941 0.635108 0.443787 
10 0.463511 0.396450 0.086785 0.201183 
10 0.366864 0.381657 0.088757 0.106509 
10 0.291913 0.390533 0.039448 0.091716 
10 0.250493 0.390533 0.045365 0.085799 
10 0.216963 0.375740 0.041420 0.097633 
10 0.420118 0.494083 0.080868 0.458580 
10 0.516765 0.461538 0.053254 0.313609 
10 0.656805 0.479290 0.063116 0.236686 
10 0.589744 0.520710 0.110454 0.461538 
10 0.708087 0.485207 0.072978 0.331361 
10 0.854043 0.550296 0.106509 0.340237 
10 0.816568 0.650888 0.171598 0.334320 
10 0.775148 0.500000 0.159763 0.289941 
10 0.351085 0.500000 0.043393 0.085799 
10 0.256410 0.479290 0.063116 0.124260 
10 0.203156 0.479290 0.051282 0.230769 
10 0.092702 0.476331 0.102564 0.502959 
10 0.291913 0.473373 0.108481 0.491124 
10 0.566075 0.405325 0.100592 0.103550 
