8 0.334000 0.421622 0.156000 0.151351 
7 0.576000 0.770270 0.100000 0.081081 
2 0.082000 0.367568 0.048000 0.167568 
2 0.120000 0.370270 0.042000 0.164865 
2 0.162000 0.362162 0.036000 0.172973 
2 0.192000 0.370270 0.038000 0.164865 
2 0.084000 0.543243 0.030000 0.159459 
2 0.114000 0.545946 0.028000 0.148649 
2 0.164000 0.548649 0.036000 0.140541 
2 0.192000 0.535135 0.032000 0.151351 
2 0.080000 0.835135 0.050000 0.113514 
11 0.380000 0.762162 0.446000 0.221622 
10 0.718000 0.397297 0.282000 0.521622 
10 0.626000 0.278378 0.082000 0.210811 
10 0.580000 0.302703 0.080000 0.194595 
10 0.500000 0.448649 0.080000 0.113514 
10 0.320000 0.251351 0.078000 0.324324 
