4 0.012077 0.270531 0.125604 0.111111 
4 0.135266 0.236715 0.132850 0.132850 
4 0.289855 0.258454 0.118357 0.111111 
4 0.442029 0.275362 0.147343 0.142512 
4 0.623188 0.256039 0.142512 0.128019 
4 0.654589 0.340580 0.326087 0.166667 
4 0.693237 0.400966 0.299517 0.246377 
4 0.707729 0.478261 0.287440 0.287440 
4 0.671498 0.625604 0.311594 0.355072 
4 0.024155 0.528986 0.330918 0.444444 
4 0.009662 0.388889 0.173913 0.154589 
4 0.183575 0.400966 0.359903 0.326087 
9 0.219807 0.478261 0.212560 0.338164 
9 0.560386 0.444444 0.120773 0.193237 
10 0.239130 0.398551 0.205314 0.408213 
10 0.557971 0.318841 0.128019 0.321256 
