9 0.068359 0.479412 0.085938 0.177941 
9 0.101562 0.479412 0.201172 0.361765 
9 0.319336 0.463235 0.104492 0.242647 
9 0.419922 0.432353 0.141602 0.389706 
9 0.716797 0.419118 0.228516 0.433824 
9 0.640625 0.420588 0.093750 0.227941 
9 0.577148 0.408824 0.084961 0.183824 
10 0.154297 0.358824 0.113281 0.350000 
10 0.239258 0.386765 0.050781 0.180882 
10 0.295898 0.388235 0.035156 0.104412 
10 0.317383 0.355882 0.103516 0.323529 
10 0.401367 0.326471 0.171875 0.441176 
10 0.565430 0.361765 0.043945 0.094118 
10 0.600586 0.357353 0.047852 0.108824 
10 0.645508 0.320588 0.070312 0.161765 
10 0.678711 0.267647 0.184570 0.586765 
10 0.089844 0.404412 0.060547 0.133824 
