0 0.202000 0.365333 0.154000 0.525333 
0 0.054000 0.325333 0.162000 0.616000 
4 0.526000 0.224000 0.206000 0.181333 
10 0.200000 0.242667 0.048000 0.224000 
10 0.242000 0.205333 0.050000 0.277333 
10 0.316000 0.253333 0.114000 0.256000 
10 0.366000 0.218667 0.070000 0.200000 
10 0.422000 0.213333 0.082000 0.224000 
10 0.556000 0.240000 0.116000 0.224000 
10 0.738000 0.229333 0.092000 0.216000 
9 0.310000 0.344000 0.210000 0.205333 
9 0.512000 0.365333 0.328000 0.205333 
9 0.502000 0.496000 0.464000 0.328000 
9 0.412000 0.520000 0.560000 0.474667 
