10 0.253125 0.131530 0.026562 0.101679 
10 0.305729 0.125000 0.022396 0.097948 
10 0.330729 0.125933 0.027604 0.097948 
10 0.344792 0.101679 0.022917 0.118470 
10 0.277083 0.111007 0.036979 0.069963 
10 0.374479 0.137127 0.023438 0.090485 
10 0.544271 0.222015 0.027604 0.131530 
10 0.540625 0.166978 0.024479 0.075560 
10 0.566667 0.442164 0.070312 0.226679 
10 0.311458 0.279851 0.028125 0.160448 
10 0.332292 0.297575 0.038021 0.161381 
10 0.358854 0.276119 0.039583 0.179104 
10 0.322396 0.415112 0.050521 0.265858 
9 0.294271 0.482276 0.148958 0.194963 
9 0.545833 0.481343 0.131771 0.190299 
