10 0.071691 0.346814 0.127451 0.624183 
10 0.154718 0.318219 0.077512 0.192402 
10 0.251225 0.333742 0.088235 0.127451 
10 0.349877 0.343954 0.092218 0.544935 
10 0.399816 0.315359 0.089154 0.144199 
10 0.502757 0.360703 0.088235 0.482843 
10 0.620711 0.341095 0.052083 0.114788 
10 0.643076 0.309641 0.092218 0.570261 
10 0.693934 0.318219 0.107230 0.639706 
10 0.708640 0.319853 0.212316 0.659722 
10 0.562194 0.373366 0.116728 0.499592 
10 0.289522 0.383578 0.125306 0.581699 
10 0.205576 0.362337 0.110294 0.620098 
