10 0.389323 0.623047 0.144531 0.069336 
10 0.752604 0.622070 0.061198 0.120117 
10 0.796875 0.618164 0.082031 0.080078 
10 0.454427 0.677734 0.093750 0.124023 
10 0.347656 0.720703 0.093750 0.078125 
10 0.252604 0.639648 0.041667 0.051758 
10 0.153646 0.635742 0.061198 0.128906 
10 0.095052 0.626953 0.087240 0.206055 
10 0.041667 0.687500 0.089844 0.164062 
10 0.186198 0.650391 0.101562 0.253906 
10 0.234375 0.665039 0.143229 0.306641 
10 0.776042 0.678711 0.157552 0.316406 
10 0.598958 0.678711 0.217448 0.304688 
6 0.350260 0.723633 0.238281 0.058594 
