11 0.408284 0.733728 0.214990 0.147929 
11 0.662722 0.689349 0.167653 0.109467 
6 0.039448 0.798817 0.145957 0.162722 
6 0.339250 0.721893 0.102564 0.266272 
6 0.420118 0.822485 0.201183 0.165680 
6 0.595661 0.715976 0.118343 0.266272 
6 0.731755 0.721893 0.140039 0.269231 
6 0.828402 0.677515 0.112426 0.213018 
6 0.694280 0.579882 0.134122 0.068047 
6 0.416174 0.591716 0.151874 0.071006 
6 0.579882 0.588757 0.049310 0.065089 
0 0.005917 0.556213 0.122288 0.088757 
0 0.151874 0.571006 0.039448 0.062130 
0 0.585799 0.618343 0.102564 0.127219 
