6 0.005078 0.465625 0.089063 0.173958 
6 0.005078 0.478125 0.157031 0.215104 
6 0.007031 0.538021 0.166797 0.393229 
6 0.485938 0.700521 0.286719 0.287500 
6 0.316016 0.486979 0.147656 0.209375 
11 0.326562 0.593229 0.469141 0.313021 
11 0.184375 0.455729 0.208203 0.239063 
11 0.028516 0.379167 0.109375 0.070833 
11 0.242578 0.392188 0.107031 0.059375 
11 0.393359 0.380729 0.087109 0.072396 
2 0.561328 0.533333 0.059375 0.141667 
2 0.432812 0.375000 0.016016 0.045312 
2 0.290625 0.365104 0.019141 0.051042 
10 0.658984 0.288542 0.108203 0.298438 
10 0.338281 0.280208 0.058203 0.135937 
10 0.317969 0.233333 0.050000 0.114583 
10 0.230078 0.250521 0.035937 0.142708 
10 0.468750 0.307292 0.038281 0.126042 
11 0.500781 0.455729 0.155078 0.114583 
11 0.775781 0.523438 0.191016 0.169792 
2 0.921094 0.501042 0.040234 0.094792 
