2 0.089347 0.434278 0.068156 0.089240 
2 0.160939 0.412371 0.051546 0.093428 
2 0.203895 0.445554 0.060710 0.099871 
2 0.273769 0.434278 0.051546 0.093428 
2 0.386598 0.414304 0.058992 0.076031 
2 0.453036 0.416559 0.057274 0.082152 
2 0.627148 0.432990 0.046392 0.077964 
2 0.564147 0.419459 0.057274 0.086340 
7 0.338488 0.492268 0.073883 0.084085 
11 0.072738 0.466495 0.676403 0.155928 
6 0.562428 0.581830 0.432417 0.394974 
10 0.434708 0.393686 0.445590 0.169459 
10 0.237113 0.188789 0.203322 0.187178 
