6 0.203333 0.529528 0.156667 0.338583 
6 0.076667 0.517717 0.248333 0.468504 
6 0.435000 0.531496 0.108333 0.312992 
6 0.418333 0.521654 0.266667 0.468504 
7 0.273333 0.641732 0.033333 0.043307 
7 0.386667 0.592520 0.031667 0.047244 
7 0.818333 0.622047 0.041667 0.062992 
6 0.538333 0.539370 0.163333 0.389764 
6 0.908333 0.734252 0.086667 0.210630 
6 0.711667 0.525591 0.148333 0.348425 
11 0.310000 0.582677 0.176667 0.074803 
11 0.226667 0.643701 0.295000 0.320866 
11 0.718333 0.633858 0.253333 0.328740 
10 0.003333 0.484252 0.066667 0.124016 
