6 0.005469 0.506944 0.235937 0.483333 
6 0.614844 0.522222 0.378906 0.466667 
11 0.221875 0.694444 0.287500 0.293056 
11 0.509375 0.312500 0.200781 0.145833 
11 0.390625 0.283333 0.052344 0.172222 
10 0.280469 0.122222 0.050781 0.294444 
10 0.207031 0.097222 0.096875 0.304167 
10 0.128125 0.111111 0.064062 0.300000 
10 0.047656 0.086111 0.075000 0.380556 
10 0.512500 0.105556 0.055469 0.241667 
10 0.585156 0.222222 0.065625 0.136111 
10 0.876563 0.094444 0.086719 0.515278 
10 0.803125 0.094444 0.057031 0.358333 
10 0.758594 0.122222 0.055469 0.334722 
10 0.692969 0.105556 0.073438 0.326389 
