1 0.195312 0.637002 0.185938 0.098361 
1 0.053125 0.449649 0.217188 0.114754 
1 0.300000 0.494145 0.153125 0.067916 
1 0.493750 0.498829 0.070312 0.035129 
1 0.559375 0.487119 0.068750 0.053864 
1 0.481250 0.578454 0.090625 0.053864 
1 0.607812 0.599532 0.096875 0.077283 
1 0.704688 0.620609 0.179688 0.103044 
1 0.704688 0.571429 0.103125 0.060890 
1 0.826562 0.552693 0.067187 0.051522 
1 0.921875 0.573770 0.073438 0.053864 
1 0.926562 0.620609 0.068750 0.051522 
1 0.850000 0.454333 0.042188 0.086651 
