2 0.306000 0.586667 0.070000 0.242667 
2 0.750000 0.640000 0.080000 0.290667 
7 0.744000 0.594667 0.042000 0.104000 
7 0.604000 0.552000 0.048000 0.093333 
7 0.244000 0.600000 0.044000 0.101333 
7 0.382000 0.621333 0.036000 0.122667 
7 0.412000 0.784000 0.058000 0.149333 
11 0.158000 0.640000 0.468000 0.352000 
11 0.488000 0.600000 0.422000 0.397333 
10 0.784000 0.088000 0.124000 0.288000 
10 0.314000 0.357333 0.204000 0.426667 
10 0.126000 0.320000 0.272000 0.437333 
10 0.494000 0.338667 0.210000 0.306667 
10 0.670000 0.290667 0.170000 0.322667 
10 0.788000 0.357333 0.186000 0.349333 
