2 0.400000 0.406250 0.096875 0.084375 
2 0.478125 0.496875 0.039062 0.190625 
2 0.529687 0.487500 0.032813 0.184375 
2 0.564063 0.487500 0.034375 0.190625 
6 0.218750 0.596875 0.251563 0.387500 
6 0.803125 0.468750 0.187500 0.525000 
6 0.598437 0.550000 0.239063 0.443750 
11 0.432812 0.625000 0.267188 0.343750 
10 0.296875 0.315625 0.259375 0.678125 
10 0.850000 0.281250 0.120313 0.293750 
10 0.281250 0.153125 0.054688 0.143750 
10 0.340625 0.140625 0.082812 0.175000 
10 0.496875 0.165625 0.078125 0.140625 
