2 0.078125 0.725000 0.067187 0.268750 
2 0.046875 0.414583 0.053125 0.175000 
2 0.098437 0.416667 0.037500 0.166667 
2 0.134375 0.431250 0.040625 0.143750 
2 0.198437 0.429167 0.032813 0.137500 
2 0.228125 0.433333 0.032813 0.122917 
2 0.267188 0.429167 0.032813 0.129167 
2 0.295312 0.427083 0.031250 0.118750 
7 0.217188 0.837500 0.062500 0.156250 
2 0.639062 0.402083 0.064062 0.106250 
2 0.717187 0.402083 0.068750 0.102083 
2 0.790625 0.402083 0.075000 0.095833 
10 0.771875 0.441667 0.184375 0.243750 
6 0.598437 0.504167 0.143750 0.483333 
11 0.006250 0.768750 0.471875 0.229167 
