10 0.574000 0.413333 0.110000 0.474667 
10 0.384000 0.416000 0.150000 0.501333 
10 0.264000 0.432000 0.134000 0.493333 
10 0.066000 0.410667 0.162000 0.480000 
10 0.782000 0.490667 0.128000 0.312000 
10 0.008000 0.616000 0.146000 0.360000 
2 0.196000 0.794667 0.040000 0.109333 
2 0.146000 0.821333 0.032000 0.082667 
7 0.250000 0.928000 0.050000 0.066667 
7 0.304000 0.890667 0.040000 0.101333 
7 0.066000 0.925333 0.044000 0.066667 
6 0.486000 0.634667 0.106000 0.264000 
6 0.690000 0.637333 0.098000 0.205333 
