9 0.443574 0.677500 0.039185 0.100000 
9 0.669279 0.700000 0.078370 0.135000 
9 0.921630 0.712500 0.072100 0.197500 
9 0.054859 0.775000 0.222571 0.217500 
10 0.039185 0.622500 0.047022 0.327500 
10 0.098746 0.627500 0.097179 0.352500 
10 0.200627 0.620000 0.098746 0.370000 
10 0.305643 0.610000 0.057994 0.235000 
10 0.493730 0.637500 0.034483 0.127500 
10 0.446708 0.640000 0.031348 0.090000 
10 0.556426 0.645000 0.032915 0.070000 
10 0.691223 0.645000 0.036050 0.102500 
10 0.626959 0.682500 0.048589 0.100000 
10 0.826019 0.612500 0.068966 0.265000 
10 0.904389 0.672500 0.048589 0.072500 
10 0.946708 0.642500 0.051724 0.195000 
9 0.531348 0.690000 0.029781 0.082500 
4 0.357367 0.645000 0.040752 0.067500 
4 0.402821 0.650000 0.042320 0.060000 
