10 0.335938 0.320843 0.034375 0.119438 
10 0.289062 0.318501 0.043750 0.112412 
10 0.231250 0.341920 0.095312 0.341920 
10 0.359375 0.318501 0.125000 0.281030 
10 0.481250 0.309133 0.107813 0.332553 
10 0.625000 0.290398 0.046875 0.105386 
10 0.620313 0.276347 0.126562 0.248244 
10 0.757812 0.274005 0.093750 0.133489 
10 0.873437 0.269321 0.095312 0.114754 
10 0.789062 0.447307 0.079687 0.152225 
9 0.560937 0.386417 0.165625 0.285714 
9 0.389062 0.423888 0.200000 0.292740 
9 0.295312 0.435597 0.171875 0.292740 
9 0.137500 0.386417 0.201563 0.341920 
10 0.042188 0.353630 0.046875 0.142857 
4 0.250000 0.318501 0.740625 0.674473 
