10 0.717187 0.142857 0.075000 0.322034 
10 0.860938 0.147700 0.084375 0.292978 
10 0.640625 0.169492 0.076563 0.278450 
10 0.598437 0.138015 0.056250 0.331719 
10 0.529687 0.142857 0.084375 0.401937 
10 0.454688 0.118644 0.067187 0.278450 
10 0.390625 0.150121 0.048438 0.213075 
10 0.337500 0.152542 0.050000 0.198547 
10 0.293750 0.150121 0.057813 0.179177 
10 0.067187 0.154964 0.062500 0.200969 
10 0.143750 0.159806 0.065625 0.142857 
10 0.178125 0.145278 0.089063 0.607748 
10 0.223438 0.205811 0.229687 0.719128 
9 0.140625 0.326877 0.540625 0.658596 
