4 0.403320 0.701044 0.083008 0.083551 
4 0.308594 0.681462 0.111328 0.168407 
4 0.495117 0.706266 0.118164 0.067885 
4 0.700195 0.708877 0.061523 0.086162 
4 0.560547 0.719321 0.151367 0.127937 
4 0.743164 0.720627 0.125977 0.116188 
4 0.851562 0.702350 0.069336 0.090078 
3 0.907227 0.531332 0.088867 0.275457 
10 0.482422 0.695822 0.071289 0.189295 
10 0.015625 0.664491 0.070312 0.186684 
9 0.221680 0.689295 0.083008 0.129243 
9 0.130859 0.714099 0.056641 0.176240 
9 0.019531 0.676240 0.125977 0.220627 
