10 0.493750 0.397222 0.057813 0.169444 
10 0.645312 0.391667 0.067187 0.161111 
10 0.781250 0.411111 0.089063 0.177778 
10 0.868750 0.444444 0.060937 0.163889 
10 0.601562 0.169444 0.064062 0.166667 
10 0.670312 0.188889 0.060937 0.236111 
10 0.750000 0.172222 0.065625 0.266667 
10 0.307812 0.297222 0.051562 0.275000 
10 0.196875 0.363889 0.057813 0.141667 
10 0.025000 0.283333 0.117188 0.141667 
10 0.018750 0.505556 0.106250 0.261111 
10 0.051562 0.422222 0.107813 0.244444 
10 0.940625 0.427778 0.054688 0.191667 
10 0.934375 0.266667 0.057813 0.200000 
