10 0.049632 0.323938 0.116728 0.537990 
10 0.137561 0.345180 0.105086 0.512255 
10 0.183211 0.288399 0.075368 0.136029 
10 0.293811 0.277369 0.081801 0.493873 
10 0.223652 0.312500 0.118873 0.512255 
10 0.348958 0.296977 0.079657 0.504085 
10 0.393382 0.299837 0.089154 0.445670 
10 0.442402 0.318219 0.084865 0.438725 
10 0.507047 0.280229 0.064645 0.130310 
10 0.517770 0.298611 0.102022 0.484069 
10 0.568627 0.311275 0.128370 0.527778 
10 0.631127 0.312500 0.073223 0.121732 
10 0.662071 0.284314 0.147672 0.560458 
10 0.703431 0.372141 0.151654 0.601716 
