10 0.350586 0.354167 0.053711 0.165365 
10 0.047852 0.415365 0.167969 0.299479 
10 0.182617 0.386719 0.035156 0.110677 
10 0.413086 0.332031 0.039062 0.169271 
10 0.491211 0.355469 0.039062 0.156250 
10 0.523438 0.354167 0.038086 0.158854 
10 0.609375 0.324219 0.041992 0.184896 
10 0.636719 0.337240 0.049805 0.167969 
10 0.668945 0.337240 0.055664 0.178385 
10 0.784180 0.332031 0.046875 0.179688 
10 0.759766 0.316406 0.037109 0.190104 
10 0.876953 0.388021 0.097656 0.266927 
10 0.426758 0.406250 0.083008 0.199219 
10 0.231445 0.325521 0.104492 0.354167 
