7 0.376000 0.558559 0.038000 0.135135 
7 0.412000 0.570571 0.034000 0.126126 
7 0.368000 0.465465 0.030000 0.111111 
7 0.390000 0.468468 0.050000 0.102102 
7 0.562000 0.432432 0.028000 0.099099 
7 0.592000 0.501502 0.034000 0.096096 
7 0.718000 0.390390 0.036000 0.111111 
2 0.052000 0.252252 0.050000 0.096096 
2 0.008000 0.312312 0.036000 0.117117 
2 0.080000 0.303303 0.040000 0.147147 
6 0.010000 0.498498 0.292000 0.492492 
6 0.480000 0.489489 0.308000 0.489489 
6 0.776000 0.432432 0.194000 0.534535 
11 0.168000 0.411411 0.686000 0.519520 
